6.830822680610490e-06
6.860731080848342e-06
6.920652183095259e-06
7.010794851354360e-06
7.131473033119635e-06
7.283106542107998e-06
7.466222103476156e-06
7.681454662870043e-06
7.929548960989730e-06
8.211361375686425e-06
8.527862033940833e-06
8.880137196402369e-06
9.269391917497523e-06
9.696952984441919e-06
1.016427213881404e-05
1.067292958466953e-05
1.122463778749235e-05
1.182124556859312e-05
1.246474249987502e-05
1.315726360419356e-05
1.390109436683774e-05
1.469867606395663e-05
1.555261141404624e-05
1.646567055889690e-05
1.744079738068055e-05
1.848111616212942e-05
1.958993859702361e-05
2.077077115846244e-05
2.202732283264430e-05
2.336351322612141e-05
2.478348105472749e-05
2.629159302259940e-05
2.789245309992604e-05
2.959091220825902e-05
3.139207832241035e-05
3.330132699814019e-05
3.532431233500326e-05
3.746697838387476e-05
3.973557100881437e-05
4.213665021305143e-05
4.467710293898097e-05
4.736415635215299e-05
5.020539161931246e-05
5.320875819060432e-05
5.638258859609643e-05
5.973561376679375e-05
6.327697889031644e-05
6.701625981139185e-05
7.096347998726991e-05
7.512912800810353e-05
7.952417569224811e-05
8.416009676632139e-05
8.904888613972553e-05
9.420307978317066e-05
9.963577522054796e-05
1.053606526432821e-04
1.113919966560466e-04
1.177447186624485e-04
1.244343798989852e-04
1.314772151252368e-04
1.388901569778910e-04
1.466908609957952e-04
1.548977313227974e-04
1.635299470946688e-04
1.726074895158980e-04
1.821511696316102e-04
1.921826567992874e-04
2.027245078643603e-04
2.138001970430888e-04
2.254341465154667e-04
2.376517577301607e-04
2.504794434227301e-04
2.639446603475765e-04
2.780759427232242e-04
2.929029363896602e-04
3.084564336755354e-04
3.247684089720684e-04
3.418720550094982e-04
3.598018198308823e-04
3.785934444569622e-04
3.982840012346938e-04
4.189119328608782e-04
4.405170920711311e-04
4.631407819831836e-04
4.868257970822340e-04
5.116164648347500e-04
5.375586879157657e-04
5.646999870333317e-04
5.930895443323385e-04
6.227782473584899e-04
6.538187335616853e-04
6.862654353165589e-04
7.201746254363552e-04
7.556044631547320e-04
7.926150405484625e-04
8.312684293723712e-04
8.716287282761505e-04
9.137621103710321e-04
9.577368711125550e-04
1.003623476463948e-03
1.051494611302894e-03
1.101425228032658e-03
1.153492595356838e-03
1.207776347175113e-03
1.264358531555684e-03
1.323323659738211e-03
1.384758755119314e-03
1.448753402170841e-03
1.515399795239404e-03
1.584792787173806e-03
1.657029937725284e-03
1.732211561663661e-03
1.810440776550858e-03
1.891823550111395e-03
1.976468747137888e-03
2.064488175867874e-03
2.155996633766642e-03
2.251111952649200e-03
2.349955043072905e-03
2.452649937930855e-03
2.559323835174592e-03
2.670107139593361e-03
2.785133503575775e-03
2.904539866778438e-03
3.028466494624962e-03
3.157057015557519e-03
3.290458456962185e-03
3.428821279688175e-03
3.572299411080286e-03
3.721050276443004e-03
3.875234828853998e-03
4.035017577244116e-03
4.200566612660481e-03
4.372053632628845e-03
4.549653963531028e-03
4.733546580913160e-03
4.923914127640210e-03
5.120942929812460e-03
5.324823010359681e-03
5.535748100229025e-03
5.753915647083141e-03
5.979526821425487e-03
6.212786520070565e-03
6.453903366877563e-03
6.703089710666918e-03
6.960561620240375e-03
7.226538876426397e-03
7.501244961074153e-03
7.784907042920919e-03
8.077755960259343e-03
8.380026200332999e-03
8.691955875390485e-03
9.013786695330737e-03
9.345763936874248e-03
9.688136409197655e-03
1.004115641597145e-02
1.040507971374372e-02
1.078016546661543e-02
1.116667619715605e-02
1.156487773351140e-02
1.197503915265919e-02
1.239743271977103e-02
1.283233382364348e-02
1.328002090816455e-02
1.374077539978584e-02
1.421488163097497e-02
1.470262675962662e-02
1.520430068441543e-02
1.572019595607803e-02
1.625060768461626e-02
1.679583344241844e-02
1.735617316330011e-02
1.793192903747064e-02
1.852340540243745e-02
1.913090862986403e-02
1.975474700840384e-02
2.039523062253685e-02
2.105267122744117e-02
2.172738211993742e-02
2.241967800554905e-02
2.312987486172708e-02
2.385828979729376e-02
2.460524090816428e-02
2.537104712941252e-02
2.615602808375098e-02
2.696050392650185e-02
2.778479518714099e-02
2.862922260750242e-02
2.949410697673627e-02
3.037976896311927e-02
3.128652894282110e-02
3.221470682573655e-02
3.316462187849819e-02
3.413659254478928e-02
3.513093626308233e-02
3.614796928193345e-02
3.718800647296765e-02
3.825136114169533e-02
3.933834483630448e-02
4.044926715457778e-02
4.158443554908924e-02
4.274415513083713e-02
4.392872847147648e-02
4.513845540431684e-02
4.637363282425536e-02
4.763455448681815e-02
4.892151080648774e-02
5.023478865449570e-02
5.157467115626381e-02
5.294143748867976e-02
5.433536267739491e-02
5.575671739433517e-02
5.720576775561702e-02
5.868277512006343e-02
6.018799588851483e-02
6.172168130413251e-02
6.328407725389257e-02
6.487542407146851e-02
6.649595634170251e-02
6.814590270686352e-02
6.982548567489259e-02
7.153492142983339e-02
7.327441964464607e-02
7.504418329660208e-02
7.684440848545503e-02
7.867528425458260e-02
8.053699241529153e-02
8.242970737447583e-02
8.435359596581682e-02
8.630881728470940e-02
8.829552252709714e-02
9.031385483239542e-02
9.236394913067691e-02
9.444593199429314e-02
9.655992149409676e-02
9.870602706043050e-02
1.008843493490396e-01
1.030949801120620e-01
1.053380020742453e-01
1.076134888145330e-01
1.099215046531588e-01
1.122621045443800e-01
1.146353339749766e-01
1.170412288686357e-01
1.194798154963352e-01
1.219511103928315e-01
1.244551202793553e-01
1.269918419926040e-01
1.295612624201212e-01
1.321633584421384e-01
1.347980968799539e-01
1.374654344509108e-01
1.401653177300312e-01
1.428976831183557e-01
1.456624568180308e-01
1.484595548141746e-01
1.512888828635495e-01
1.541503364900573e-01
1.570438009870681e-01
1.599691514265841e-01
1.629262526752317e-01
1.659149594170691e-01
1.689351161831864e-01
1.719865573880686e-01
1.750691073726841e-01
1.781825804542534e-01
1.813267809826448e-01
1.845015034033352e-01
1.877065323268698e-01
1.909416426047446e-01
1.942065994116262e-01
1.975011583338244e-01
2.008250654639142e-01
2.041780575014081e-01
2.075598618593665e-01
2.109701967768290e-01
2.144087714369440e-01
2.178752860906668e-01
2.213694321858917e-01
2.248908925018763e-01
2.284393412888119e-01
2.320144444123892e-01
2.356158595032024e-01
2.392432361108295e-01
2.428962158624247e-01
2.465744326256522e-01
2.502775126757877e-01
2.540050748668098e-01
2.577567308063003e-01
2.615320850339704e-01
2.653307352036247e-01
2.691522722683748e-01
2.729962806689085e-01
2.768623385246243e-01
2.807500178274320e-01
2.846588846380269e-01
2.885884992844349e-01
2.925384165626345e-01
2.965081859390509e-01
3.004973517547300e-01
3.045054534309846e-01
3.085320256763203e-01
3.125765986944373e-01
3.166386983931150e-01
3.207178465937791e-01
3.248135612415556e-01
3.289253566156223e-01
3.330527435396617e-01
3.371952295922271e-01
3.413523193168347e-01
3.455235144315982e-01
3.497083140382211e-01
3.539062148301703e-01
3.581167112998571e-01
3.623392959446478e-01
3.665734594715429e-01
3.708186910003536e-01
3.750744782652216e-01
3.793403078143188e-01
3.836156652075844e-01
3.879000352123401e-01
3.921929019966528e-01
3.964937493202987e-01
4.008020607231977e-01
4.051173197111937e-01
4.094390099390510e-01
4.137666153905574e-01
4.180996205556139e-01
4.224375106042099e-01
4.267797715571785e-01
4.311258904536371e-01
4.354753555150249e-01
4.398276563056455e-01
4.441822838896455e-01
4.485387309843445e-01
4.528964921098559e-01
4.572550637349319e-01
4.616139444189760e-01
4.659726349501733e-01
4.703306384796886e-01
4.746874606518974e-01
4.790426097306075e-01
4.833955967212474e-01
4.877459354889939e-01
4.920931428728181e-01
4.964367387954408e-01
5.007762463691809e-01
5.051111919977003e-01
5.094411054736383e-01
5.137655200721463e-01
5.180839726403311e-01
5.223960036826220e-01
5.267011574420760e-01
5.309989819776555e-01
5.352890292374900e-01
5.395708551281692e-01
5.438440195800919e-01
5.481080866089132e-01
5.523626243731352e-01
5.566072052278812e-01
5.608414057749119e-01
5.650648069089244e-01
5.692769938602011e-01
5.734775562336610e-01
5.776660880443726e-01
5.818421877495972e-01
5.860054582774276e-01
5.901555070520869e-01
5.942919460159610e-01
5.984143916484368e-01
6.025224649816212e-01
6.066157916130114e-01
6.106940017152024e-01
6.147567300427023e-01
6.188036159359405e-01
6.228343033225440e-01
6.268484407159720e-01
6.308456812115817e-01
6.348256824802164e-01
6.387881067593915e-01
6.427326208421723e-01
6.466588960638171e-01
6.505666082862773e-01
6.544554378806361e-01
6.583250697075693e-01
6.621751930959121e-01
6.660055018194178e-01
6.698156940717866e-01
6.736054724400514e-01
6.773745438764019e-01
6.811226196685216e-01
6.848494154085301e-01
6.885546509605958e-01
6.922380504273064e-01
6.958993421148735e-01
6.995382584972419e-01
7.031545361791843e-01
7.067479158584480e-01
7.103181422870346e-01
7.138649642316748e-01
7.173881344335695e-01
7.208874095674703e-01
7.243625502001533e-01
7.278133207483652e-01
7.312394894362941e-01
7.346408282526252e-01
7.380171129072531e-01
7.413681227876905e-01
7.446936409152416e-01
7.479934539009943e-01
7.512673519016736e-01
7.545151285754192e-01
7.577365810375234e-01
7.609315098161881e-01
7.640997188083376e-01
7.672410152355355e-01
7.703552096000406e-01
7.734421156410510e-01
7.765015502911679e-01
7.795333336331141e-01
7.825372888567472e-01
7.855132422163973e-01
7.884610229885569e-01
7.913804634299609e-01
7.942713987360733e-01
7.971336670000176e-01
7.999671091719670e-01
8.027715690190222e-01
8.055468930855961e-01
8.082929306543246e-01
8.110095337075238e-01
8.136965568892106e-01
8.163538574676988e-01
8.189812952987889e-01
8.215787327895629e-01
8.241460348627939e-01
8.266830689219837e-01
8.291897048170339e-01
8.316658148105648e-01
8.341112735448798e-01
8.365259580095863e-01
8.389097475098805e-01
8.412625236354901e-01
8.435841702302915e-01
8.458745733625846e-01
8.481336212960464e-01
8.503612044613463e-01
8.525572154284322e-01
8.547215488794805e-01
8.568541015825124e-01
8.589547723656688e-01
8.610234620921380e-01
8.630600736357422e-01
8.650645118571653e-01
8.670366835808261e-01
8.689764975723804e-01
8.708838645168586e-01
8.727586969974206e-01
8.746009094747245e-01
8.764104182669041e-01
8.781871415301412e-01
8.799309992398274e-01
8.816419131723103e-01
8.833198068872050e-01
8.849646057102726e-01
8.865762367168493e-01
8.881546287158182e-01
8.896997122341146e-01
8.912114195017549e-01
8.926896844373770e-01
8.941344426342864e-01
8.955456313469916e-01
8.969231894782255e-01
8.982670575664367e-01
8.995771777737431e-01
9.008534938743405e-01
9.020959512433497e-01
9.033044968460957e-01
9.044790792278113e-01
9.056196485037511e-01
9.067261563497069e-01
9.077985559929194e-01
9.088368022033686e-01
9.098408512854417e-01
9.108106610699651e-01
9.117461909065911e-01
9.126474016565334e-01
9.135142556856414e-01
9.143467168578047e-01
9.151447505286796e-01
9.159083235397310e-01
9.166374042125817e-01
9.173319623436595e-01
9.179919691991412e-01
9.186173975101775e-01
9.192082214684032e-01
9.197644167217154e-01
9.202859603703221e-01
9.207728309630523e-01
9.212250084939242e-01
9.216424743989616e-01
9.220252115532602e-01
9.223732042682949e-01
9.226864382894676e-01
9.229649007938876e-01
9.232085803883845e-01
9.234174671077515e-01
9.235915524132117e-01
9.237308291911075e-01
9.238352917518141e-01
9.239049358288711e-01
9.239397585783322e-01
9.239397585783321e-01
9.239049358288711e-01
9.238352917518141e-01
9.237308291911075e-01
9.235915524132117e-01
9.234174671077513e-01
9.232085803883844e-01
9.229649007938875e-01
9.226864382894677e-01
9.223732042682951e-01
9.220252115532606e-01
9.216424743989621e-01
9.212250084939247e-01
9.207728309630527e-01
9.202859603703224e-01
9.197644167217156e-01
9.192082214684035e-01
9.186173975101778e-01
9.179919691991414e-01
9.173319623436597e-01
9.166374042125818e-01
9.159083235397312e-01
9.151447505286797e-01
9.143467168578050e-01
9.135142556856415e-01
9.126474016565338e-01
9.117461909065914e-01
9.108106610699653e-01
9.098408512854416e-01
9.088368022033686e-01
9.077985559929193e-01
9.067261563497067e-01
9.056196485037509e-01
9.044790792278112e-01
9.033044968460959e-01
9.020959512433500e-01
9.008534938743409e-01
8.995771777737435e-01
8.982670575664368e-01
8.969231894782258e-01
8.955456313469917e-01
8.941344426342863e-01
8.926896844373768e-01
8.912114195017546e-01
8.896997122341145e-01
8.881546287158181e-01
8.865762367168492e-01
8.849646057102726e-01
8.833198068872050e-01
8.816419131723103e-01
8.799309992398272e-01
8.781871415301412e-01
8.764104182669042e-01
8.746009094747242e-01
8.727586969974203e-01
8.708838645168584e-01
8.689764975723802e-01
8.670366835808260e-01
8.650645118571652e-01
8.630600736357421e-01
8.610234620921380e-01
8.589547723656685e-01
8.568541015825122e-01
8.547215488794800e-01
8.525572154284318e-01
8.503612044613460e-01
8.481336212960459e-01
8.458745733625841e-01
8.435841702302911e-01
8.412625236354898e-01
8.389097475098799e-01
8.365259580095857e-01
8.341112735448792e-01
8.316658148105645e-01
8.291897048170338e-01
8.266830689219835e-01
8.241460348627939e-01
8.215787327895627e-01
8.189812952987888e-01
8.163538574676988e-01
8.136965568892105e-01
8.110095337075238e-01
8.082929306543245e-01
8.055468930855961e-01
8.027715690190222e-01
7.999671091719669e-01
7.971336670000174e-01
7.942713987360732e-01
7.913804634299609e-01
7.884610229885570e-01
7.855132422163974e-01
7.825372888567471e-01
7.795333336331138e-01
7.765015502911677e-01
7.734421156410508e-01
7.703552096000402e-01
7.672410152355353e-01
7.640997188083374e-01
7.609315098161880e-01
7.577365810375232e-01
7.545151285754190e-01
7.512673519016733e-01
7.479934539009939e-01
7.446936409152414e-01
7.413681227876902e-01
7.380171129072529e-01
7.346408282526249e-01
7.312394894362937e-01
7.278133207483650e-01
7.243625502001531e-01
7.208874095674701e-01
7.173881344335695e-01
7.138649642316748e-01
7.103181422870345e-01
7.067479158584480e-01
7.031545361791844e-01
6.995382584972423e-01
6.958993421148739e-01
6.922380504273069e-01
6.885546509605962e-01
6.848494154085305e-01
6.811226196685222e-01
6.773745438764023e-01
6.736054724400519e-01
6.698156940717871e-01
6.660055018194181e-01
6.621751930959126e-01
6.583250697075694e-01
6.544554378806362e-01
6.505666082862773e-01
6.466588960638172e-01
6.427326208421724e-01
6.387881067593917e-01
6.348256824802169e-01
6.308456812115821e-01
6.268484407159723e-01
6.228343033225443e-01
6.188036159359407e-01
6.147567300427025e-01
6.106940017152023e-01
6.066157916130112e-01
6.025224649816210e-01
5.984143916484366e-01
5.942919460159608e-01
5.901555070520866e-01
5.860054582774276e-01
5.818421877495973e-01
5.776660880443725e-01
5.734775562336609e-01
5.692769938602011e-01
5.650648069089244e-01
5.608414057749119e-01
5.566072052278812e-01
5.523626243731353e-01
5.481080866089133e-01
5.438440195800920e-01
5.395708551281693e-01
5.352890292374901e-01
5.309989819776556e-01
5.267011574420761e-01
5.223960036826220e-01
5.180839726403311e-01
5.137655200721462e-01
5.094411054736383e-01
5.051111919977003e-01
5.007762463691808e-01
4.964367387954407e-01
4.920931428728181e-01
4.877459354889939e-01
4.833955967212474e-01
4.790426097306075e-01
4.746874606518974e-01
4.703306384796886e-01
4.659726349501733e-01
4.616139444189760e-01
4.572550637349320e-01
4.528964921098561e-01
4.485387309843447e-01
4.441822838896458e-01
4.398276563056457e-01
4.354753555150251e-01
4.311258904536374e-01
4.267797715571787e-01
4.224375106042100e-01
4.180996205556141e-01
4.137666153905575e-01
4.094390099390512e-01
4.051173197111940e-01
4.008020607231979e-01
3.964937493202989e-01
3.921929019966530e-01
3.879000352123402e-01
3.836156652075844e-01
3.793403078143188e-01
3.750744782652216e-01
3.708186910003538e-01
3.665734594715431e-01
3.623392959446481e-01
3.581167112998574e-01
3.539062148301706e-01
3.497083140382213e-01
3.455235144315985e-01
3.413523193168350e-01
3.371952295922273e-01
3.330527435396619e-01
3.289253566156224e-01
3.248135612415558e-01
3.207178465937794e-01
3.166386983931154e-01
3.125765986944377e-01
3.085320256763205e-01
3.045054534309848e-01
3.004973517547302e-01
2.965081859390511e-01
2.925384165626348e-01
2.885884992844352e-01
2.846588846380271e-01
2.807500178274323e-01
2.768623385246246e-01
2.729962806689087e-01
2.691522722683750e-01
2.653307352036249e-01
2.615320850339707e-01
2.577567308063006e-01
2.540050748668101e-01
2.502775126757880e-01
2.465744326256524e-01
2.428962158624249e-01
2.392432361108296e-01
2.356158595032026e-01
2.320144444123894e-01
2.284393412888120e-01
2.248908925018765e-01
2.213694321858919e-01
2.178752860906670e-01
2.144087714369441e-01
2.109701967768292e-01
2.075598618593667e-01
2.041780575014084e-01
2.008250654639144e-01
1.975011583338245e-01
1.942065994116264e-01
1.909416426047447e-01
1.877065323268700e-01
1.845015034033353e-01
1.813267809826449e-01
1.781825804542536e-01
1.750691073726841e-01
1.719865573880686e-01
1.689351161831865e-01
1.659149594170692e-01
1.629262526752317e-01
1.599691514265842e-01
1.570438009870681e-01
1.541503364900573e-01
1.512888828635495e-01
1.484595548141746e-01
1.456624568180308e-01
1.428976831183557e-01
1.401653177300312e-01
1.374654344509108e-01
1.347980968799539e-01
1.321633584421383e-01
1.295612624201211e-01
1.269918419926039e-01
1.244551202793552e-01
1.219511103928315e-01
1.194798154963351e-01
1.170412288686356e-01
1.146353339749765e-01
1.122621045443799e-01
1.099215046531587e-01
1.076134888145329e-01
1.053380020742452e-01
1.030949801120620e-01
1.008843493490395e-01
9.870602706043044e-02
9.655992149409670e-02
9.444593199429309e-02
9.236394913067689e-02
9.031385483239539e-02
8.829552252709713e-02
8.630881728470940e-02
8.435359596581680e-02
8.242970737447582e-02
8.053699241529150e-02
7.867528425458258e-02
7.684440848545498e-02
7.504418329660202e-02
7.327441964464601e-02
7.153492142983335e-02
6.982548567489254e-02
6.814590270686346e-02
6.649595634170248e-02
6.487542407146848e-02
6.328407725389253e-02
6.172168130413248e-02
6.018799588851480e-02
5.868277512006342e-02
5.720576775561702e-02
5.575671739433515e-02
5.433536267739490e-02
5.294143748867975e-02
5.157467115626379e-02
5.023478865449568e-02
4.892151080648775e-02
4.763455448681815e-02
4.637363282425536e-02
4.513845540431685e-02
4.392872847147649e-02
4.274415513083715e-02
4.158443554908927e-02
4.044926715457781e-02
3.933834483630450e-02
3.825136114169535e-02
3.718800647296766e-02
3.614796928193346e-02
3.513093626308234e-02
3.413659254478929e-02
3.316462187849820e-02
3.221470682573656e-02
3.128652894282110e-02
3.037976896311927e-02
2.949410697673627e-02
2.862922260750241e-02
2.778479518714099e-02
2.696050392650185e-02
2.615602808375098e-02
2.537104712941251e-02
2.460524090816428e-02
2.385828979729376e-02
2.312987486172708e-02
2.241967800554904e-02
2.172738211993742e-02
2.105267122744117e-02
2.039523062253685e-02
1.975474700840384e-02
1.913090862986402e-02
1.852340540243744e-02
1.793192903747063e-02
1.735617316330011e-02
1.679583344241843e-02
1.625060768461626e-02
1.572019595607802e-02
1.520430068441543e-02
1.470262675962662e-02
1.421488163097497e-02
1.374077539978584e-02
1.328002090816455e-02
1.283233382364348e-02
1.239743271977102e-02
1.197503915265919e-02
1.156487773351139e-02
1.116667619715604e-02
1.078016546661542e-02
1.040507971374371e-02
1.004115641597144e-02
9.688136409197648e-03
9.345763936874241e-03
9.013786695330730e-03
8.691955875390480e-03
8.380026200332992e-03
8.077755960259340e-03
7.784907042920916e-03
7.501244961074150e-03
7.226538876426393e-03
6.960561620240372e-03
6.703089710666915e-03
6.453903366877560e-03
6.212786520070563e-03
5.979526821425484e-03
5.753915647083139e-03
5.535748100229021e-03
5.324823010359678e-03
5.120942929812458e-03
4.923914127640208e-03
4.733546580913160e-03
4.549653963531027e-03
4.372053632628845e-03
4.200566612660481e-03
4.035017577244116e-03
3.875234828853997e-03
3.721050276443005e-03
3.572299411080285e-03
3.428821279688175e-03
3.290458456962185e-03
3.157057015557518e-03
3.028466494624962e-03
2.904539866778438e-03
2.785133503575773e-03
2.670107139593360e-03
2.559323835174591e-03
2.452649937930854e-03
2.349955043072905e-03
2.251111952649199e-03
2.155996633766642e-03
2.064488175867873e-03
1.976468747137887e-03
1.891823550111394e-03
1.810440776550857e-03
1.732211561663660e-03
1.657029937725284e-03
1.584792787173806e-03
1.515399795239403e-03
1.448753402170840e-03
1.384758755119313e-03
1.323323659738211e-03
1.264358531555683e-03
1.207776347175112e-03
1.153492595356838e-03
1.101425228032658e-03
1.051494611302894e-03
1.003623476463948e-03
9.577368711125551e-04
9.137621103710323e-04
8.716287282761506e-04
8.312684293723714e-04
7.926150405484628e-04
7.556044631547322e-04
7.201746254363553e-04
6.862654353165590e-04
6.538187335616855e-04
6.227782473584901e-04
5.930895443323386e-04
5.646999870333318e-04
5.375586879157658e-04
5.116164648347500e-04
4.868257970822340e-04
4.631407819831836e-04
4.405170920711310e-04
4.189119328608782e-04
3.982840012346937e-04
3.785934444569622e-04
3.598018198308824e-04
3.418720550094982e-04
3.247684089720684e-04
3.084564336755354e-04
2.929029363896602e-04
2.780759427232241e-04
2.639446603475765e-04
2.504794434227302e-04
2.376517577301607e-04
2.254341465154667e-04
2.138001970430888e-04
2.027245078643603e-04
1.921826567992875e-04
1.821511696316103e-04
1.726074895158981e-04
1.635299470946688e-04
1.548977313227974e-04
1.466908609957952e-04
1.388901569778911e-04
1.314772151252369e-04
1.244343798989853e-04
1.177447186624486e-04
1.113919966560467e-04
1.053606526432821e-04
9.963577522054797e-05
9.420307978317066e-05
8.904888613972553e-05
8.416009676632139e-05
7.952417569224811e-05
7.512912800810351e-05
7.096347998726989e-05
6.701625981139183e-05
6.327697889031640e-05
5.973561376679373e-05
5.638258859609640e-05
5.320875819060429e-05
5.020539161931243e-05
4.736415635215295e-05
4.467710293898093e-05
4.213665021305139e-05
3.973557100881433e-05
3.746697838387473e-05
3.532431233500323e-05
3.330132699814016e-05
3.139207832241031e-05
2.959091220825899e-05
2.789245309992602e-05
2.629159302259938e-05
2.478348105472747e-05
2.336351322612140e-05
2.202732283264429e-05
2.077077115846243e-05
1.958993859702360e-05
1.848111616212942e-05
1.744079738068055e-05
1.646567055889690e-05
1.555261141404623e-05
1.469867606395663e-05
1.390109436683774e-05
1.315726360419356e-05
1.246474249987501e-05
1.182124556859311e-05
1.122463778749234e-05
1.067292958466952e-05
1.016427213881402e-05
9.696952984441909e-06
9.269391917497515e-06
8.880137196402364e-06
8.527862033940827e-06
8.211361375686419e-06
7.929548960989725e-06
7.681454662870041e-06
7.466222103476152e-06
7.283106542107993e-06
7.131473033119633e-06
7.010794851354356e-06
6.920652183095256e-06
6.860731080848339e-06
6.830822680610490e-06
