6.830822680610812e-06
6.860731080848665e-06
6.920652183095583e-06
7.010794851354692e-06
7.131473033119976e-06
7.283106542108348e-06
7.466222103476512e-06
7.681454662870410e-06
7.929548960990101e-06
8.211361375686811e-06
8.527862033941236e-06
8.880137196402784e-06
9.269391917497957e-06
9.696952984442370e-06
1.016427213881451e-05
1.067292958467002e-05
1.122463778749287e-05
1.182124556859367e-05
1.246474249987560e-05
1.315726360419418e-05
1.390109436683839e-05
1.469867606395731e-05
1.555261141404694e-05
1.646567055889765e-05
1.744079738068134e-05
1.848111616213024e-05
1.958993859702448e-05
2.077077115846335e-05
2.202732283264528e-05
2.336351322612244e-05
2.478348105472858e-05
2.629159302260057e-05
2.789245309992729e-05
2.959091220826034e-05
3.139207832241175e-05
3.330132699814169e-05
3.532431233500487e-05
3.746697838387643e-05
3.973557100881614e-05
4.213665021305331e-05
4.467710293898293e-05
4.736415635215506e-05
5.020539161931469e-05
5.320875819060668e-05
5.638258859609891e-05
5.973561376679642e-05
6.327697889031926e-05
6.701625981139487e-05
7.096347998727313e-05
7.512912800810687e-05
7.952417569225166e-05
8.416009676632514e-05
8.904888613972951e-05
9.420307978317485e-05
9.963577522055237e-05
1.053606526432868e-04
1.113919966560516e-04
1.177447186624539e-04
1.244343798989909e-04
1.314772151252428e-04
1.388901569778973e-04
1.466908609958018e-04
1.548977313228043e-04
1.635299470946761e-04
1.726074895159059e-04
1.821511696316185e-04
1.921826567992961e-04
2.027245078643694e-04
2.138001970430984e-04
2.254341465154769e-04
2.376517577301715e-04
2.504794434227416e-04
2.639446603475886e-04
2.780759427232368e-04
2.929029363896736e-04
3.084564336755495e-04
3.247684089720832e-04
3.418720550095137e-04
3.598018198308984e-04
3.785934444569791e-04
3.982840012347114e-04
4.189119328608968e-04
4.405170920711506e-04
4.631407819832041e-04
4.868257970822557e-04
5.116164648347728e-04
5.375586879157899e-04
5.646999870333568e-04
5.930895443323645e-04
6.227782473585172e-04
6.538187335617139e-04
6.862654353165890e-04
7.201746254363870e-04
7.556044631547650e-04
7.926150405484971e-04
8.312684293724072e-04
8.716287282761882e-04
9.137621103710720e-04
9.577368711125970e-04
1.003623476463993e-03
1.051494611302939e-03
1.101425228032706e-03
1.153492595356888e-03
1.207776347175165e-03
1.264358531555737e-03
1.323323659738268e-03
1.384758755119373e-03
1.448753402170903e-03
1.515399795239469e-03
1.584792787173876e-03
1.657029937725357e-03
1.732211561663737e-03
1.810440776550938e-03
1.891823550111478e-03
1.976468747137975e-03
2.064488175867964e-03
2.155996633766737e-03
2.251111952649299e-03
2.349955043073010e-03
2.452649937930965e-03
2.559323835174707e-03
2.670107139593483e-03
2.785133503575902e-03
2.904539866778573e-03
3.028466494625102e-03
3.157057015557665e-03
3.290458456962338e-03
3.428821279688333e-03
3.572299411080452e-03
3.721050276443179e-03
3.875234828854181e-03
4.035017577244308e-03
4.200566612660682e-03
4.372053632629051e-03
4.549653963531243e-03
4.733546580913384e-03
4.923914127640443e-03
5.120942929812704e-03
5.324823010359932e-03
5.535748100229286e-03
5.753915647083411e-03
5.979526821425771e-03
6.212786520070862e-03
6.453903366877871e-03
6.703089710667237e-03
6.960561620240707e-03
7.226538876426739e-03
7.501244961074505e-03
7.784907042921283e-03
8.077755960259721e-03
8.380026200333388e-03
8.691955875390886e-03
9.013786695331148e-03
9.345763936874679e-03
9.688136409198099e-03
1.004115641597191e-02
1.040507971374420e-02
1.078016546661593e-02
1.116667619715656e-02
1.156487773351193e-02
1.197503915265974e-02
1.239743271977160e-02
1.283233382364408e-02
1.328002090816516e-02
1.374077539978647e-02
1.421488163097562e-02
1.470262675962730e-02
1.520430068441614e-02
1.572019595607875e-02
1.625060768461700e-02
1.679583344241921e-02
1.735617316330090e-02
1.793192903747147e-02
1.852340540243830e-02
1.913090862986492e-02
1.975474700840477e-02
2.039523062253782e-02
2.105267122744216e-02
2.172738211993845e-02
2.241967800555010e-02
2.312987486172817e-02
2.385828979729487e-02
2.460524090816543e-02
2.537104712941370e-02
2.615602808375219e-02
2.696050392650311e-02
2.778479518714229e-02
2.862922260750374e-02
2.949410697673765e-02
3.037976896312070e-02
3.128652894282256e-02
3.221470682573806e-02
3.316462187849976e-02
3.413659254479092e-02
3.513093626308403e-02
3.614796928193518e-02
3.718800647296942e-02
3.825136114169717e-02
3.933834483630633e-02
4.044926715457971e-02
4.158443554909122e-02
4.274415513083913e-02
4.392872847147851e-02
4.513845540431895e-02
4.637363282425751e-02
4.763455448682038e-02
4.892151080649005e-02
5.023478865449806e-02
5.157467115626625e-02
5.294143748868228e-02
5.433536267739753e-02
5.575671739433784e-02
5.720576775561979e-02
5.868277512006628e-02
6.018799588851773e-02
6.172168130413550e-02
6.328407725389563e-02
6.487542407147170e-02
6.649595634170577e-02
6.814590270686684e-02
6.982548567489598e-02
7.153492142983683e-02
7.327441964464960e-02
7.504418329660567e-02
7.684440848545872e-02
7.867528425458641e-02
8.053699241529542e-02
8.242970737447983e-02
8.435359596582095e-02
8.630881728471367e-02
8.829552252710156e-02
9.031385483239988e-02
9.236394913068155e-02
9.444593199429786e-02
9.655992149410163e-02
9.870602706043553e-02
1.008843493490448e-01
1.030949801120673e-01
1.053380020742507e-01
1.076134888145386e-01
1.099215046531645e-01
1.122621045443858e-01
1.146353339749826e-01
1.170412288686420e-01
1.194798154963415e-01
1.219511103928380e-01
1.244551202793619e-01
1.269918419926108e-01
1.295612624201280e-01
1.321633584421453e-01
1.347980968799611e-01
1.374654344509182e-01
1.401653177300387e-01
1.428976831183635e-01
1.456624568180388e-01
1.484595548141828e-01
1.512888828635578e-01
1.541503364900657e-01
1.570438009870766e-01
1.599691514265927e-01
1.629262526752405e-01
1.659149594170781e-01
1.689351161831955e-01
1.719865573880778e-01
1.750691073726935e-01
1.781825804542631e-01
1.813267809826547e-01
1.845015034033452e-01
1.877065323268800e-01
1.909416426047548e-01
1.942065994116366e-01
1.975011583338349e-01
2.008250654639249e-01
2.041780575014189e-01
2.075598618593774e-01
2.109701967768401e-01
2.144087714369551e-01
2.178752860906782e-01
2.213694321859033e-01
2.248908925018880e-01
2.284393412888238e-01
2.320144444124014e-01
2.356158595032147e-01
2.392432361108419e-01
2.428962158624372e-01
2.465744326256649e-01
2.502775126758007e-01
2.540050748668229e-01
2.577567308063136e-01
2.615320850339838e-01
2.653307352036384e-01
2.691522722683886e-01
2.729962806689226e-01
2.768623385246384e-01
2.807500178274464e-01
2.846588846380415e-01
2.885884992844497e-01
2.925384165626493e-01
2.965081859390659e-01
3.004973517547451e-01
3.045054534309999e-01
3.085320256763357e-01
3.125765986944529e-01
3.166386983931311e-01
3.207178465937953e-01
3.248135612415718e-01
3.289253566156387e-01
3.330527435396781e-01
3.371952295922436e-01
3.413523193168514e-01
3.455235144316152e-01
3.497083140382382e-01
3.539062148301877e-01
3.581167112998747e-01
3.623392959446657e-01
3.665734594715609e-01
3.708186910003718e-01
3.750744782652398e-01
3.793403078143374e-01
3.836156652076029e-01
3.879000352123589e-01
3.921929019966718e-01
3.964937493203180e-01
4.008020607232174e-01
4.051173197112135e-01
4.094390099390711e-01
4.137666153905776e-01
4.180996205556342e-01
4.224375106042303e-01
4.267797715571991e-01
4.311258904536581e-01
4.354753555150457e-01
4.398276563056665e-01
4.441822838896665e-01
4.485387309843656e-01
4.528964921098773e-01
4.572550637349534e-01
4.616139444189978e-01
4.659726349501950e-01
4.703306384797107e-01
4.746874606519196e-01
4.790426097306301e-01
4.833955967212703e-01
4.877459354890169e-01
4.920931428728413e-01
4.964367387954641e-01
5.007762463692047e-01
5.051111919977243e-01
5.094411054736622e-01
5.137655200721702e-01
5.180839726403554e-01
5.223960036826462e-01
5.267011574421006e-01
5.309989819776799e-01
5.352890292375145e-01
5.395708551281940e-01
5.438440195801167e-01
5.481080866089385e-01
5.523626243731604e-01
5.566072052279069e-01
5.608414057749377e-01
5.650648069089503e-01
5.692769938602276e-01
5.734775562336877e-01
5.776660880443991e-01
5.818421877496238e-01
5.860054582774544e-01
5.901555070521137e-01
5.942919460159877e-01
5.984143916484639e-01
6.025224649816482e-01
6.066157916130387e-01
6.106940017152301e-01
6.147567300427308e-01
6.188036159359693e-01
6.228343033225733e-01
6.268484407160015e-01
6.308456812116118e-01
6.348256824802464e-01
6.387881067594217e-01
6.427326208422025e-01
6.466588960638473e-01
6.505666082863077e-01
6.544554378806671e-01
6.583250697076006e-01
6.621751930959440e-01
6.660055018194498e-01
6.698156940718187e-01
6.736054724400838e-01
6.773745438764340e-01
6.811226196685540e-01
6.848494154085627e-01
6.885546509606284e-01
6.922380504273393e-01
6.958993421149071e-01
6.995382584972760e-01
7.031545361792186e-01
7.067479158584824e-01
7.103181422870694e-01
7.138649642317095e-01
7.173881344336047e-01
7.208874095675052e-01
7.243625502001880e-01
7.278133207484003e-01
7.312394894363290e-01
7.346408282526609e-01
7.380171129072891e-01
7.413681227877262e-01
7.446936409152776e-01
7.479934539010302e-01
7.512673519017099e-01
7.545151285754552e-01
7.577365810375593e-01
7.609315098162239e-01
7.640997188083736e-01
7.672410152355713e-01
7.703552096000763e-01
7.734421156410869e-01
7.765015502912038e-01
7.795333336331502e-01
7.825372888567836e-01
7.855132422164339e-01
7.884610229885941e-01
7.913804634299982e-01
7.942713987361109e-01
7.971336670000553e-01
7.999671091720050e-01
8.027715690190607e-01
8.055468930856348e-01
8.082929306543634e-01
8.110095337075627e-01
8.136965568892496e-01
8.163538574677378e-01
8.189812952988282e-01
8.215787327896024e-01
8.241460348628334e-01
8.266830689220230e-01
8.291897048170735e-01
8.316658148106049e-01
8.341112735449197e-01
8.365259580096264e-01
8.389097475099201e-01
8.412625236355304e-01
8.435841702303317e-01
8.458745733626252e-01
8.481336212960873e-01
8.503612044613872e-01
8.525572154284730e-01
8.547215488795217e-01
8.568541015825542e-01
8.589547723657104e-01
8.610234620921795e-01
8.630600736357837e-01
8.650645118572073e-01
8.670366835808677e-01
8.689764975724218e-01
8.708838645168999e-01
8.727586969974614e-01
8.746009094747654e-01
8.764104182669450e-01
8.781871415301818e-01
8.799309992398683e-01
8.816419131723511e-01
8.833198068872459e-01
8.849646057103137e-01
8.865762367168906e-01
8.881546287158593e-01
8.896997122341558e-01
8.912114195017957e-01
8.926896844374180e-01
8.941344426343272e-01
8.955456313470326e-01
8.969231894782665e-01
8.982670575664774e-01
8.995771777737843e-01
9.008534938743822e-01
9.020959512433914e-01
9.033044968461375e-01
9.044790792278532e-01
9.056196485037928e-01
9.067261563497490e-01
9.077985559929617e-01
9.088368022034112e-01
9.098408512854849e-01
9.108106610700084e-01
9.117461909066344e-01
9.126474016565767e-01
9.135142556856850e-01
9.143467168578483e-01
9.151447505287233e-01
9.159083235397748e-01
9.166374042126250e-01
9.173319623437026e-01
9.179919691991841e-01
9.186173975102210e-01
9.192082214684466e-01
9.197644167217587e-01
9.202859603703651e-01
9.207728309630957e-01
9.212250084939676e-01
9.216424743990050e-01
9.220252115533033e-01
9.223732042683378e-01
9.226864382895104e-01
9.229649007939298e-01
9.232085803884269e-01
9.234174671077942e-01
9.235915524132541e-01
9.237308291911497e-01
9.238352917518564e-01
9.239049358289135e-01
9.239397585783747e-01
9.239397585783746e-01
9.239049358289135e-01
9.238352917518565e-01
9.237308291911499e-01
9.235915524132543e-01
9.234174671077943e-01
9.232085803884268e-01
9.229649007939298e-01
9.226864382895102e-01
9.223732042683379e-01
9.220252115533034e-01
9.216424743990050e-01
9.212250084939677e-01
9.207728309630957e-01
9.202859603703651e-01
9.197644167217587e-01
9.192082214684467e-01
9.186173975102208e-01
9.179919691991840e-01
9.173319623437024e-01
9.166374042126246e-01
9.159083235397742e-01
9.151447505287227e-01
9.143467168578477e-01
9.135142556856845e-01
9.126474016565763e-01
9.117461909066342e-01
9.108106610700083e-01
9.098408512854846e-01
9.088368022034111e-01
9.077985559929616e-01
9.067261563497487e-01
9.056196485037924e-01
9.044790792278528e-01
9.033044968461370e-01
9.020959512433909e-01
9.008534938743818e-01
8.995771777737842e-01
8.982670575664774e-01
8.969231894782665e-01
8.955456313470326e-01
8.941344426343272e-01
8.926896844374178e-01
8.912114195017955e-01
8.896997122341553e-01
8.881546287158588e-01
8.865762367168900e-01
8.849646057103132e-01
8.833198068872457e-01
8.816419131723510e-01
8.799309992398685e-01
8.781871415301822e-01
8.764104182669454e-01
8.746009094747659e-01
8.727586969974618e-01
8.708838645168999e-01
8.689764975724219e-01
8.670366835808677e-01
8.650645118572071e-01
8.630600736357836e-01
8.610234620921793e-01
8.589547723657102e-01
8.568541015825542e-01
8.547215488795217e-01
8.525572154284732e-01
8.503612044613877e-01
8.481336212960879e-01
8.458745733626261e-01
8.435841702303326e-01
8.412625236355312e-01
8.389097475099211e-01
8.365259580096271e-01
8.341112735449205e-01
8.316658148106058e-01
8.291897048170745e-01
8.266830689220239e-01
8.241460348628344e-01
8.215787327896032e-01
8.189812952988289e-01
8.163538574677385e-01
8.136965568892501e-01
8.110095337075632e-01
8.082929306543638e-01
8.055468930856353e-01
8.027715690190611e-01
7.999671091720052e-01
7.971336670000555e-01
7.942713987361109e-01
7.913804634299982e-01
7.884610229885943e-01
7.855132422164341e-01
7.825372888567840e-01
7.795333336331502e-01
7.765015502912040e-01
7.734421156410871e-01
7.703552096000763e-01
7.672410152355713e-01
7.640997188083736e-01
7.609315098162236e-01
7.577365810375590e-01
7.545151285754550e-01
7.512673519017097e-01
7.479934539010300e-01
7.446936409152776e-01
7.413681227877262e-01
7.380171129072891e-01
7.346408282526609e-01
7.312394894363292e-01
7.278133207484005e-01
7.243625502001882e-01
7.208874095675052e-01
7.173881344336048e-01
7.138649642317095e-01
7.103181422870692e-01
7.067479158584824e-01
7.031545361792184e-01
6.995382584972761e-01
6.958993421149071e-01
6.922380504273395e-01
6.885546509606284e-01
6.848494154085627e-01
6.811226196685538e-01
6.773745438764337e-01
6.736054724400835e-01
6.698156940718184e-01
6.660055018194496e-01
6.621751930959436e-01
6.583250697076004e-01
6.544554378806667e-01
6.505666082863075e-01
6.466588960638472e-01
6.427326208422025e-01
6.387881067594217e-01
6.348256824802465e-01
6.308456812116118e-01
6.268484407160015e-01
6.228343033225732e-01
6.188036159359691e-01
6.147567300427307e-01
6.106940017152301e-01
6.066157916130387e-01
6.025224649816483e-01
5.984143916484640e-01
5.942919460159879e-01
5.901555070521139e-01
5.860054582774546e-01
5.818421877496240e-01
5.776660880443993e-01
5.734775562336878e-01
5.692769938602277e-01
5.650648069089503e-01
5.608414057749376e-01
5.566072052279069e-01
5.523626243731603e-01
5.481080866089383e-01
5.438440195801167e-01
5.395708551281940e-01
5.352890292375145e-01
5.309989819776800e-01
5.267011574421006e-01
5.223960036826460e-01
5.180839726403554e-01
5.137655200721702e-01
5.094411054736622e-01
5.051111919977241e-01
5.007762463692046e-01
4.964367387954640e-01
4.920931428728413e-01
4.877459354890168e-01
4.833955967212702e-01
4.790426097306299e-01
4.746874606519196e-01
4.703306384797106e-01
4.659726349501951e-01
4.616139444189978e-01
4.572550637349536e-01
4.528964921098775e-01
4.485387309843659e-01
4.441822838896667e-01
4.398276563056667e-01
4.354753555150460e-01
4.311258904536583e-01
4.267797715571994e-01
4.224375106042308e-01
4.180996205556346e-01
4.137666153905779e-01
4.094390099390714e-01
4.051173197112138e-01
4.008020607232178e-01
3.964937493203183e-01
3.921929019966722e-01
3.879000352123592e-01
3.836156652076032e-01
3.793403078143376e-01
3.750744782652399e-01
3.708186910003720e-01
3.665734594715611e-01
3.623392959446659e-01
3.581167112998748e-01
3.539062148301879e-01
3.497083140382383e-01
3.455235144316154e-01
3.413523193168517e-01
3.371952295922438e-01
3.330527435396784e-01
3.289253566156389e-01
3.248135612415720e-01
3.207178465937954e-01
3.166386983931314e-01
3.125765986944531e-01
3.085320256763359e-01
3.045054534310001e-01
3.004973517547453e-01
2.965081859390661e-01
2.925384165626495e-01
2.885884992844500e-01
2.846588846380417e-01
2.807500178274466e-01
2.768623385246387e-01
2.729962806689228e-01
2.691522722683888e-01
2.653307352036386e-01
2.615320850339841e-01
2.577567308063138e-01
2.540050748668232e-01
2.502775126758009e-01
2.465744326256651e-01
2.428962158624374e-01
2.392432361108420e-01
2.356158595032148e-01
2.320144444124015e-01
2.284393412888240e-01
2.248908925018882e-01
2.213694321859034e-01
2.178752860906783e-01
2.144087714369553e-01
2.109701967768402e-01
2.075598618593776e-01
2.041780575014191e-01
2.008250654639251e-01
1.975011583338352e-01
1.942065994116369e-01
1.909416426047550e-01
1.877065323268803e-01
1.845015034033455e-01
1.813267809826549e-01
1.781825804542634e-01
1.750691073726938e-01
1.719865573880781e-01
1.689351161831958e-01
1.659149594170783e-01
1.629262526752407e-01
1.599691514265930e-01
1.570438009870768e-01
1.541503364900659e-01
1.512888828635580e-01
1.484595548141830e-01
1.456624568180389e-01
1.428976831183636e-01
1.401653177300389e-01
1.374654344509184e-01
1.347980968799612e-01
1.321633584421454e-01
1.295612624201281e-01
1.269918419926108e-01
1.244551202793620e-01
1.219511103928381e-01
1.194798154963416e-01
1.170412288686421e-01
1.146353339749827e-01
1.122621045443859e-01
1.099215046531646e-01
1.076134888145387e-01
1.053380020742508e-01
1.030949801120674e-01
1.008843493490449e-01
9.870602706043563e-02
9.655992149410175e-02
9.444593199429800e-02
9.236394913068167e-02
9.031385483239998e-02
8.829552252710167e-02
8.630881728471376e-02
8.435359596582107e-02
8.242970737447995e-02
8.053699241529554e-02
7.867528425458652e-02
7.684440848545883e-02
7.504418329660578e-02
7.327441964464970e-02
7.153492142983693e-02
6.982548567489608e-02
6.814590270686691e-02
6.649595634170581e-02
6.487542407147173e-02
6.328407725389566e-02
6.172168130413552e-02
6.018799588851775e-02
5.868277512006628e-02
5.720576775561979e-02
5.575671739433785e-02
5.433536267739754e-02
5.294143748868230e-02
5.157467115626628e-02
5.023478865449808e-02
4.892151080649006e-02
4.763455448682040e-02
4.637363282425753e-02
4.513845540431898e-02
4.392872847147853e-02
4.274415513083915e-02
4.158443554909123e-02
4.044926715457972e-02
3.933834483630635e-02
3.825136114169719e-02
3.718800647296945e-02
3.614796928193520e-02
3.513093626308405e-02
3.413659254479094e-02
3.316462187849979e-02
3.221470682573808e-02
3.128652894282257e-02
3.037976896312071e-02
2.949410697673767e-02
2.862922260750376e-02
2.778479518714232e-02
2.696050392650312e-02
2.615602808375221e-02
2.537104712941372e-02
2.460524090816545e-02
2.385828979729489e-02
2.312987486172819e-02
2.241967800555012e-02
2.172738211993847e-02
2.105267122744218e-02
2.039523062253783e-02
1.975474700840478e-02
1.913090862986493e-02
1.852340540243832e-02
1.793192903747148e-02
1.735617316330091e-02
1.679583344241923e-02
1.625060768461701e-02
1.572019595607876e-02
1.520430068441614e-02
1.470262675962731e-02
1.421488163097563e-02
1.374077539978648e-02
1.328002090816517e-02
1.283233382364409e-02
1.239743271977161e-02
1.197503915265975e-02
1.156487773351194e-02
1.116667619715657e-02
1.078016546661593e-02
1.040507971374420e-02
1.004115641597191e-02
9.688136409198102e-03
9.345763936874682e-03
9.013786695331150e-03
8.691955875390888e-03
8.380026200333388e-03
8.077755960259723e-03
7.784907042921282e-03
7.501244961074504e-03
7.226538876426736e-03
6.960561620240704e-03
6.703089710667234e-03
6.453903366877869e-03
6.212786520070860e-03
5.979526821425770e-03
5.753915647083412e-03
5.535748100229287e-03
5.324823010359934e-03
5.120942929812704e-03
4.923914127640443e-03
4.733546580913383e-03
4.549653963531242e-03
4.372053632629050e-03
4.200566612660680e-03
4.035017577244305e-03
3.875234828854179e-03
3.721050276443177e-03
3.572299411080449e-03
3.428821279688331e-03
3.290458456962336e-03
3.157057015557663e-03
3.028466494625099e-03
2.904539866778570e-03
2.785133503575899e-03
2.670107139593481e-03
2.559323835174705e-03
2.452649937930963e-03
2.349955043073008e-03
2.251111952649297e-03
2.155996633766736e-03
2.064488175867963e-03
1.976468747137973e-03
1.891823550111476e-03
1.810440776550937e-03
1.732211561663735e-03
1.657029937725355e-03
1.584792787173875e-03
1.515399795239468e-03
1.448753402170902e-03
1.384758755119373e-03
1.323323659738267e-03
1.264358531555737e-03
1.207776347175164e-03
1.153492595356888e-03
1.101425228032706e-03
1.051494611302939e-03
1.003623476463992e-03
9.577368711125968e-04
9.137621103710719e-04
8.716287282761882e-04
8.312684293724070e-04
7.926150405484968e-04
7.556044631547649e-04
7.201746254363870e-04
6.862654353165890e-04
6.538187335617140e-04
6.227782473585172e-04
5.930895443323645e-04
5.646999870333567e-04
5.375586879157900e-04
5.116164648347729e-04
4.868257970822558e-04
4.631407819832043e-04
4.405170920711507e-04
4.189119328608968e-04
3.982840012347114e-04
3.785934444569790e-04
3.598018198308984e-04
3.418720550095137e-04
3.247684089720832e-04
3.084564336755495e-04
2.929029363896736e-04
2.780759427232368e-04
2.639446603475884e-04
2.504794434227415e-04
2.376517577301713e-04
2.254341465154768e-04
2.138001970430984e-04
2.027245078643694e-04
1.921826567992962e-04
1.821511696316186e-04
1.726074895159060e-04
1.635299470946762e-04
1.548977313228044e-04
1.466908609958018e-04
1.388901569778973e-04
1.314772151252429e-04
1.244343798989909e-04
1.177447186624539e-04
1.113919966560517e-04
1.053606526432869e-04
9.963577522055243e-05
9.420307978317489e-05
8.904888613972957e-05
8.416009676632518e-05
7.952417569225167e-05
7.512912800810690e-05
7.096347998727314e-05
6.701625981139490e-05
6.327697889031929e-05
5.973561376679644e-05
5.638258859609891e-05
5.320875819060669e-05
5.020539161931470e-05
4.736415635215508e-05
4.467710293898295e-05
4.213665021305331e-05
3.973557100881614e-05
3.746697838387644e-05
3.532431233500488e-05
3.330132699814169e-05
3.139207832241176e-05
2.959091220826035e-05
2.789245309992730e-05
2.629159302260059e-05
2.478348105472860e-05
2.336351322612247e-05
2.202732283264529e-05
2.077077115846337e-05
1.958993859702450e-05
1.848111616213025e-05
1.744079738068135e-05
1.646567055889766e-05
1.555261141404695e-05
1.469867606395731e-05
1.390109436683839e-05
1.315726360419418e-05
1.246474249987560e-05
1.182124556859367e-05
1.122463778749287e-05
1.067292958467002e-05
1.016427213881452e-05
9.696952984442375e-06
9.269391917497964e-06
8.880137196402791e-06
8.527862033941243e-06
8.211361375686814e-06
7.929548960990104e-06
7.681454662870414e-06
7.466222103476514e-06
7.283106542108347e-06
7.131473033119975e-06
7.010794851354690e-06
6.920652183095581e-06
6.860731080848665e-06
6.830822680610813e-06
