6.811820546190686e-06
6.843031230861974e-06
6.904168860880453e-06
6.995447698514931e-06
7.117186766867317e-06
7.269810650749041e-06
7.453850559095000e-06
7.669945650307742e-06
7.918844622257859e-06
8.201407568998636e-06
8.518608106583545e-06
8.871535770704168e-06
9.261398689192923e-06
9.689526532759879e-06
1.015737374765472e-05
1.066652307426453e-05
1.121868935597391e-05
1.181572364292672e-05
1.245961759563744e-05
1.315250819370484e-05
1.389668275518070e-05
1.469458427244152e-05
1.554881707070116e-05
1.646215279558629e-05
1.743753673647494e-05
1.847809449256961e-05
1.958713898894110e-05
2.076817785003590e-05
2.202492113838932e-05
2.336128946652660e-05
2.478142249026587e-05
2.628968779185864e-05
2.789069016161469e-05
2.958928128686003e-05
3.139056985726496e-05
3.329993209575778e-05
3.532302272440403e-05
3.746578637478254e-05
3.973446945252810e-05
4.213563246583216e-05
4.467616282780163e-05
4.736328814266652e-05
5.020458998590200e-05
5.320801818838704e-05
5.638190563476033e-05
5.973498358615358e-05
6.327639753748096e-05
6.701572361944244e-05
7.096298555535445e-05
7.512867218285718e-05
7.952375555045650e-05
8.415970959874675e-05
8.904852943602207e-05
9.420275121781943e-05
9.963547263974504e-05
1.053603740527192e-04
1.113917402095251e-04
1.177444826512745e-04
1.244341627420924e-04
1.314770153599912e-04
1.388899732515313e-04
1.466906920574686e-04
1.548975760161485e-04
1.635298043509480e-04
1.726073583475521e-04
1.821510491263242e-04
1.921825461144475e-04
2.027244062219079e-04
2.138001037247411e-04
2.254340608582774e-04
2.376516791223980e-04
2.504793713000510e-04
2.639445941894757e-04
2.780758820497403e-04
2.929028807583197e-04
3.084563826785188e-04
3.247683622335833e-04
3.418720121833442e-04
3.598017805981944e-04
3.785934085241209e-04
3.982839683313884e-04
4.189119027383141e-04
4.405170645003703e-04
4.631407567536087e-04
4.868257740001270e-04
5.116164437219779e-04
5.375586686085640e-04
5.646999693811793e-04
5.930895281969216e-04
6.227782326127399e-04
6.538187200888911e-04
6.862654230095484e-04
7.201746141967375e-04
7.556044528921986e-04
7.926150311801457e-04
8.312684208222443e-04
8.716287204744823e-04
9.137621032538792e-04
9.577368646212957e-04
1.003623470544851e-03
1.051494605906721e-03
1.101425223114302e-03
1.153492590874982e-03
1.207776343091924e-03
1.264358527836524e-03
1.323323656351380e-03
1.384758752035798e-03
1.448753399364100e-03
1.515399792685162e-03
1.584792784849867e-03
1.657029935611349e-03
1.732211559741180e-03
1.810440774802882e-03
1.891823548522436e-03
1.976468745693802e-03
2.064488174555743e-03
2.155996632574677e-03
2.251111951566634e-03
2.349955042089919e-03
2.452649937038487e-03
2.559323834364669e-03
2.670107138858430e-03
2.785133502909039e-03
2.904539866173709e-03
3.028466494076592e-03
3.157057015060368e-03
3.290458456511570e-03
3.428821279279830e-03
3.572299410710328e-03
3.721050276107903e-03
3.875234828550536e-03
4.035017576969369e-03
4.200566612411787e-03
4.372053632403779e-03
4.549653963327396e-03
4.733546580728963e-03
4.923914127473629e-03
5.120942929661844e-03
5.324823010223531e-03
5.535748100105981e-03
5.753915646971964e-03
5.979526821325055e-03
6.212786519979864e-03
6.453903366795665e-03
6.703089710592985e-03
6.960561620173650e-03
7.226538876366187e-03
7.501244961019841e-03
7.784907042871935e-03
8.077755960215181e-03
8.380026200293185e-03
8.691955875354601e-03
9.013786695298398e-03
9.345763936845115e-03
9.688136409171415e-03
1.004115641594782e-02
1.040507971372245e-02
1.078016546659629e-02
1.116667619713882e-02
1.156487773349590e-02
1.197503915264525e-02
1.239743271975850e-02
1.283233382363223e-02
1.328002090815443e-02
1.374077539977676e-02
1.421488163096682e-02
1.470262675961930e-02
1.520430068440886e-02
1.572019595607212e-02
1.625060768461095e-02
1.679583344241367e-02
1.735617316329583e-02
1.793192903746680e-02
1.852340540243400e-02
1.913090862986093e-02
1.975474700840107e-02
2.039523062253437e-02
2.105267122743895e-02
2.172738211993543e-02
2.241967800554726e-02
2.312987486172549e-02
2.385828979729234e-02
2.460524090816301e-02
2.537104712941137e-02
2.615602808374995e-02
2.696050392650094e-02
2.778479518714017e-02
2.862922260750168e-02
2.949410697673562e-02
3.037976896311869e-02
3.128652894282058e-02
3.221470682573609e-02
3.316462187849778e-02
3.413659254478893e-02
3.513093626308201e-02
3.614796928193317e-02
3.718800647296740e-02
3.825136114169512e-02
3.933834483630429e-02
4.044926715457763e-02
4.158443554908911e-02
4.274415513083701e-02
4.392872847147637e-02
4.513845540431675e-02
4.637363282425529e-02
4.763455448681808e-02
4.892151080648768e-02
5.023478865449564e-02
5.157467115626376e-02
5.294143748867972e-02
5.433536267739489e-02
5.575671739433516e-02
5.720576775561701e-02
5.868277512006343e-02
6.018799588851483e-02
6.172168130413251e-02
6.328407725389257e-02
6.487542407146851e-02
6.649595634170251e-02
6.814590270686352e-02
6.982548567489259e-02
7.153492142983339e-02
7.327441964464607e-02
7.504418329660208e-02
7.684440848545503e-02
7.867528425458260e-02
8.053699241529153e-02
8.242970737447583e-02
8.435359596581682e-02
8.630881728470940e-02
8.829552252709714e-02
9.031385483239542e-02
9.236394913067691e-02
9.444593199429314e-02
9.655992149409676e-02
9.870602706043050e-02
1.008843493490396e-01
1.030949801120620e-01
1.053380020742453e-01
1.076134888145330e-01
1.099215046531588e-01
1.122621045443800e-01
1.146353339749766e-01
1.170412288686357e-01
1.194798154963352e-01
1.219511103928315e-01
1.244551202793553e-01
1.269918419926040e-01
1.295612624201212e-01
1.321633584421384e-01
1.347980968799539e-01
1.374654344509108e-01
1.401653177300312e-01
1.428976831183557e-01
1.456624568180308e-01
1.484595548141746e-01
1.512888828635495e-01
1.541503364900573e-01
1.570438009870681e-01
1.599691514265841e-01
1.629262526752317e-01
1.659149594170691e-01
1.689351161831864e-01
1.719865573880686e-01
1.750691073726841e-01
1.781825804542534e-01
1.813267809826448e-01
1.845015034033352e-01
1.877065323268698e-01
1.909416426047446e-01
1.942065994116262e-01
1.975011583338244e-01
2.008250654639142e-01
2.041780575014081e-01
2.075598618593665e-01
2.109701967768290e-01
2.144087714369440e-01
2.178752860906668e-01
2.213694321858917e-01
2.248908925018763e-01
2.284393412888119e-01
2.320144444123892e-01
2.356158595032024e-01
2.392432361108295e-01
2.428962158624247e-01
2.465744326256522e-01
2.502775126757877e-01
2.540050748668098e-01
2.577567308063003e-01
2.615320850339704e-01
2.653307352036247e-01
2.691522722683748e-01
2.729962806689085e-01
2.768623385246243e-01
2.807500178274320e-01
2.846588846380269e-01
2.885884992844349e-01
2.925384165626345e-01
2.965081859390509e-01
3.004973517547300e-01
3.045054534309846e-01
3.085320256763203e-01
3.125765986944373e-01
3.166386983931150e-01
3.207178465937791e-01
3.248135612415556e-01
3.289253566156223e-01
3.330527435396617e-01
3.371952295922271e-01
3.413523193168347e-01
3.455235144315982e-01
3.497083140382211e-01
3.539062148301703e-01
3.581167112998571e-01
3.623392959446478e-01
3.665734594715429e-01
3.708186910003536e-01
3.750744782652216e-01
3.793403078143188e-01
3.836156652075844e-01
3.879000352123401e-01
3.921929019966528e-01
3.964937493202987e-01
4.008020607231977e-01
4.051173197111937e-01
4.094390099390510e-01
4.137666153905574e-01
4.180996205556139e-01
4.224375106042099e-01
4.267797715571785e-01
4.311258904536371e-01
4.354753555150249e-01
4.398276563056455e-01
4.441822838896455e-01
4.485387309843445e-01
4.528964921098559e-01
4.572550637349319e-01
4.616139444189760e-01
4.659726349501733e-01
4.703306384796886e-01
4.746874606518974e-01
4.790426097306075e-01
4.833955967212474e-01
4.877459354889939e-01
4.920931428728181e-01
4.964367387954408e-01
5.007762463691809e-01
5.051111919977003e-01
5.094411054736383e-01
5.137655200721463e-01
5.180839726403311e-01
5.223960036826220e-01
5.267011574420760e-01
5.309989819776555e-01
5.352890292374900e-01
5.395708551281692e-01
5.438440195800919e-01
5.481080866089132e-01
5.523626243731352e-01
5.566072052278812e-01
5.608414057749119e-01
5.650648069089244e-01
5.692769938602011e-01
5.734775562336610e-01
5.776660880443726e-01
5.818421877495972e-01
5.860054582774276e-01
5.901555070520869e-01
5.942919460159610e-01
5.984143916484368e-01
6.025224649816212e-01
6.066157916130114e-01
6.106940017152024e-01
6.147567300427023e-01
6.188036159359405e-01
6.228343033225440e-01
6.268484407159720e-01
6.308456812115817e-01
6.348256824802164e-01
6.387881067593915e-01
6.427326208421723e-01
6.466588960638171e-01
6.505666082862773e-01
6.544554378806361e-01
6.583250697075693e-01
6.621751930959121e-01
6.660055018194178e-01
6.698156940717866e-01
6.736054724400514e-01
6.773745438764019e-01
6.811226196685216e-01
6.848494154085301e-01
6.885546509605958e-01
6.922380504273064e-01
6.958993421148735e-01
6.995382584972419e-01
7.031545361791843e-01
7.067479158584480e-01
7.103181422870346e-01
7.138649642316748e-01
7.173881344335695e-01
7.208874095674703e-01
7.243625502001533e-01
7.278133207483652e-01
7.312394894362941e-01
7.346408282526252e-01
7.380171129072531e-01
7.413681227876905e-01
7.446936409152416e-01
7.479934539009943e-01
7.512673519016736e-01
7.545151285754192e-01
7.577365810375234e-01
7.609315098161881e-01
7.640997188083376e-01
7.672410152355355e-01
7.703552096000406e-01
7.734421156410510e-01
7.765015502911679e-01
7.795333336331141e-01
7.825372888567472e-01
7.855132422163973e-01
7.884610229885569e-01
7.913804634299609e-01
7.942713987360733e-01
7.971336670000176e-01
7.999671091719670e-01
8.027715690190222e-01
8.055468930855961e-01
8.082929306543246e-01
8.110095337075238e-01
8.136965568892106e-01
8.163538574676988e-01
8.189812952987889e-01
8.215787327895629e-01
8.241460348627939e-01
8.266830689219837e-01
8.291897048170339e-01
8.316658148105648e-01
8.341112735448798e-01
8.365259580095863e-01
8.389097475098805e-01
8.412625236354901e-01
8.435841702302915e-01
8.458745733625846e-01
8.481336212960464e-01
8.503612044613463e-01
8.525572154284322e-01
8.547215488794805e-01
8.568541015825124e-01
8.589547723656688e-01
8.610234620921380e-01
8.630600736357422e-01
8.650645118571653e-01
8.670366835808261e-01
8.689764975723804e-01
8.708838645168586e-01
8.727586969974206e-01
8.746009094747245e-01
8.764104182669041e-01
8.781871415301412e-01
8.799309992398274e-01
8.816419131723103e-01
8.833198068872050e-01
8.849646057102726e-01
8.865762367168493e-01
8.881546287158182e-01
8.896997122341146e-01
8.912114195017549e-01
8.926896844373770e-01
8.941344426342864e-01
8.955456313469916e-01
8.969231894782255e-01
8.982670575664367e-01
8.995771777737431e-01
9.008534938743405e-01
9.020959512433497e-01
9.033044968460957e-01
9.044790792278113e-01
9.056196485037511e-01
9.067261563497069e-01
9.077985559929194e-01
9.088368022033686e-01
9.098408512854417e-01
9.108106610699651e-01
9.117461909065911e-01
9.126474016565334e-01
9.135142556856414e-01
9.143467168578047e-01
9.151447505286796e-01
9.159083235397310e-01
9.166374042125817e-01
9.173319623436595e-01
9.179919691991412e-01
9.186173975101775e-01
9.192082214684032e-01
9.197644167217154e-01
9.202859603703221e-01
9.207728309630523e-01
9.212250084939242e-01
9.216424743989616e-01
9.220252115532602e-01
9.223732042682949e-01
9.226864382894676e-01
9.229649007938876e-01
9.232085803883845e-01
9.234174671077515e-01
9.235915524132117e-01
9.237308291911075e-01
9.238352917518141e-01
9.239049358288711e-01
9.239397585783322e-01
9.239397585783321e-01
9.239049358288711e-01
9.238352917518141e-01
9.237308291911075e-01
9.235915524132117e-01
9.234174671077513e-01
9.232085803883844e-01
9.229649007938875e-01
9.226864382894677e-01
9.223732042682951e-01
9.220252115532606e-01
9.216424743989621e-01
9.212250084939247e-01
9.207728309630527e-01
9.202859603703224e-01
9.197644167217156e-01
9.192082214684035e-01
9.186173975101778e-01
9.179919691991414e-01
9.173319623436597e-01
9.166374042125818e-01
9.159083235397312e-01
9.151447505286797e-01
9.143467168578050e-01
9.135142556856415e-01
9.126474016565338e-01
9.117461909065914e-01
9.108106610699653e-01
9.098408512854416e-01
9.088368022033686e-01
9.077985559929193e-01
9.067261563497067e-01
9.056196485037509e-01
9.044790792278112e-01
9.033044968460959e-01
9.020959512433500e-01
9.008534938743409e-01
8.995771777737435e-01
8.982670575664368e-01
8.969231894782258e-01
8.955456313469917e-01
8.941344426342863e-01
8.926896844373768e-01
8.912114195017546e-01
8.896997122341145e-01
8.881546287158181e-01
8.865762367168492e-01
8.849646057102726e-01
8.833198068872050e-01
8.816419131723103e-01
8.799309992398272e-01
8.781871415301412e-01
8.764104182669042e-01
8.746009094747242e-01
8.727586969974203e-01
8.708838645168584e-01
8.689764975723802e-01
8.670366835808260e-01
8.650645118571652e-01
8.630600736357421e-01
8.610234620921380e-01
8.589547723656685e-01
8.568541015825122e-01
8.547215488794800e-01
8.525572154284318e-01
8.503612044613460e-01
8.481336212960459e-01
8.458745733625841e-01
8.435841702302911e-01
8.412625236354898e-01
8.389097475098799e-01
8.365259580095857e-01
8.341112735448792e-01
8.316658148105645e-01
8.291897048170338e-01
8.266830689219835e-01
8.241460348627939e-01
8.215787327895627e-01
8.189812952987888e-01
8.163538574676988e-01
8.136965568892105e-01
8.110095337075238e-01
8.082929306543245e-01
8.055468930855961e-01
8.027715690190222e-01
7.999671091719669e-01
7.971336670000174e-01
7.942713987360732e-01
7.913804634299609e-01
7.884610229885570e-01
7.855132422163974e-01
7.825372888567471e-01
7.795333336331138e-01
7.765015502911677e-01
7.734421156410508e-01
7.703552096000402e-01
7.672410152355353e-01
7.640997188083374e-01
7.609315098161880e-01
7.577365810375232e-01
7.545151285754190e-01
7.512673519016733e-01
7.479934539009939e-01
7.446936409152414e-01
7.413681227876902e-01
7.380171129072529e-01
7.346408282526249e-01
7.312394894362937e-01
7.278133207483650e-01
7.243625502001531e-01
7.208874095674701e-01
7.173881344335695e-01
7.138649642316748e-01
7.103181422870345e-01
7.067479158584480e-01
7.031545361791844e-01
6.995382584972423e-01
6.958993421148739e-01
6.922380504273069e-01
6.885546509605962e-01
6.848494154085305e-01
6.811226196685222e-01
6.773745438764023e-01
6.736054724400519e-01
6.698156940717871e-01
6.660055018194181e-01
6.621751930959126e-01
6.583250697075694e-01
6.544554378806362e-01
6.505666082862773e-01
6.466588960638172e-01
6.427326208421724e-01
6.387881067593917e-01
6.348256824802169e-01
6.308456812115821e-01
6.268484407159723e-01
6.228343033225443e-01
6.188036159359407e-01
6.147567300427025e-01
6.106940017152023e-01
6.066157916130112e-01
6.025224649816210e-01
5.984143916484366e-01
5.942919460159608e-01
5.901555070520866e-01
5.860054582774276e-01
5.818421877495973e-01
5.776660880443725e-01
5.734775562336609e-01
5.692769938602011e-01
5.650648069089244e-01
5.608414057749119e-01
5.566072052278812e-01
5.523626243731353e-01
5.481080866089133e-01
5.438440195800920e-01
5.395708551281693e-01
5.352890292374901e-01
5.309989819776556e-01
5.267011574420761e-01
5.223960036826220e-01
5.180839726403311e-01
5.137655200721462e-01
5.094411054736383e-01
5.051111919977003e-01
5.007762463691808e-01
4.964367387954407e-01
4.920931428728181e-01
4.877459354889939e-01
4.833955967212474e-01
4.790426097306075e-01
4.746874606518974e-01
4.703306384796886e-01
4.659726349501733e-01
4.616139444189760e-01
4.572550637349320e-01
4.528964921098561e-01
4.485387309843447e-01
4.441822838896458e-01
4.398276563056457e-01
4.354753555150251e-01
4.311258904536374e-01
4.267797715571787e-01
4.224375106042100e-01
4.180996205556141e-01
4.137666153905575e-01
4.094390099390512e-01
4.051173197111940e-01
4.008020607231979e-01
3.964937493202989e-01
3.921929019966530e-01
3.879000352123402e-01
3.836156652075844e-01
3.793403078143188e-01
3.750744782652216e-01
3.708186910003538e-01
3.665734594715431e-01
3.623392959446481e-01
3.581167112998574e-01
3.539062148301706e-01
3.497083140382213e-01
3.455235144315985e-01
3.413523193168350e-01
3.371952295922273e-01
3.330527435396619e-01
3.289253566156224e-01
3.248135612415558e-01
3.207178465937794e-01
3.166386983931154e-01
3.125765986944377e-01
3.085320256763205e-01
3.045054534309848e-01
3.004973517547302e-01
2.965081859390511e-01
2.925384165626348e-01
2.885884992844352e-01
2.846588846380271e-01
2.807500178274323e-01
2.768623385246246e-01
2.729962806689087e-01
2.691522722683750e-01
2.653307352036249e-01
2.615320850339707e-01
2.577567308063006e-01
2.540050748668101e-01
2.502775126757880e-01
2.465744326256524e-01
2.428962158624249e-01
2.392432361108296e-01
2.356158595032026e-01
2.320144444123894e-01
2.284393412888120e-01
2.248908925018765e-01
2.213694321858919e-01
2.178752860906670e-01
2.144087714369441e-01
2.109701967768292e-01
2.075598618593667e-01
2.041780575014084e-01
2.008250654639144e-01
1.975011583338245e-01
1.942065994116264e-01
1.909416426047447e-01
1.877065323268700e-01
1.845015034033353e-01
1.813267809826449e-01
1.781825804542536e-01
1.750691073726841e-01
1.719865573880686e-01
1.689351161831865e-01
1.659149594170692e-01
1.629262526752317e-01
1.599691514265842e-01
1.570438009870681e-01
1.541503364900573e-01
1.512888828635495e-01
1.484595548141746e-01
1.456624568180308e-01
1.428976831183557e-01
1.401653177300312e-01
1.374654344509108e-01
1.347980968799539e-01
1.321633584421383e-01
1.295612624201211e-01
1.269918419926039e-01
1.244551202793552e-01
1.219511103928315e-01
1.194798154963351e-01
1.170412288686356e-01
1.146353339749765e-01
1.122621045443799e-01
1.099215046531587e-01
1.076134888145329e-01
1.053380020742452e-01
1.030949801120620e-01
1.008843493490395e-01
9.870602706043044e-02
9.655992149409670e-02
9.444593199429309e-02
9.236394913067689e-02
9.031385483239539e-02
8.829552252709713e-02
8.630881728470940e-02
8.435359596581680e-02
8.242970737447582e-02
8.053699241529150e-02
7.867528425458258e-02
7.684440848545498e-02
7.504418329660202e-02
7.327441964464601e-02
7.153492142983335e-02
6.982548567489254e-02
6.814590270686346e-02
6.649595634170248e-02
6.487542407146848e-02
6.328407725389253e-02
6.172168130413248e-02
6.018799588851480e-02
5.868277512006340e-02
5.720576775561699e-02
5.575671739433513e-02
5.433536267739486e-02
5.294143748867969e-02
5.157467115626373e-02
5.023478865449561e-02
4.892151080648765e-02
4.763455448681805e-02
4.637363282425525e-02
4.513845540431671e-02
4.392872847147633e-02
4.274415513083699e-02
4.158443554908908e-02
4.044926715457760e-02
3.933834483630427e-02
3.825136114169510e-02
3.718800647296739e-02
3.614796928193315e-02
3.513093626308200e-02
3.413659254478892e-02
3.316462187849778e-02
3.221470682573609e-02
3.128652894282058e-02
3.037976896311869e-02
2.949410697673561e-02
2.862922260750168e-02
2.778479518714017e-02
2.696050392650094e-02
2.615602808374995e-02
2.537104712941137e-02
2.460524090816300e-02
2.385828979729234e-02
2.312987486172549e-02
2.241967800554727e-02
2.172738211993544e-02
2.105267122743895e-02
2.039523062253436e-02
1.975474700840107e-02
1.913090862986093e-02
1.852340540243399e-02
1.793192903746679e-02
1.735617316329582e-02
1.679583344241366e-02
1.625060768461094e-02
1.572019595607210e-02
1.520430068440884e-02
1.470262675961928e-02
1.421488163096680e-02
1.374077539977674e-02
1.328002090815442e-02
1.283233382363221e-02
1.239743271975849e-02
1.197503915264524e-02
1.156487773349589e-02
1.116667619713881e-02
1.078016546659628e-02
1.040507971372244e-02
1.004115641594781e-02
9.688136409171409e-03
9.345763936845108e-03
9.013786695298391e-03
8.691955875354592e-03
8.380026200293177e-03
8.077755960215175e-03
7.784907042871931e-03
7.501244961019836e-03
7.226538876366182e-03
6.960561620173646e-03
6.703089710592979e-03
6.453903366795658e-03
6.212786519979857e-03
5.979526821325049e-03
5.753915646971957e-03
5.535748100105973e-03
5.324823010223524e-03
5.120942929661838e-03
4.923914127473623e-03
4.733546580728958e-03
4.549653963327392e-03
4.372053632403773e-03
4.200566612411782e-03
4.035017576969364e-03
3.875234828550532e-03
3.721050276107900e-03
3.572299410710325e-03
3.428821279279826e-03
3.290458456511567e-03
3.157057015060366e-03
3.028466494076590e-03
2.904539866173708e-03
2.785133502909038e-03
2.670107138858427e-03
2.559323834364666e-03
2.452649937038485e-03
2.349955042089917e-03
2.251111951566633e-03
2.155996632574676e-03
2.064488174555742e-03
1.976468745693801e-03
1.891823548522434e-03
1.810440774802880e-03
1.732211559741179e-03
1.657029935611347e-03
1.584792784849865e-03
1.515399792685161e-03
1.448753399364098e-03
1.384758752035797e-03
1.323323656351379e-03
1.264358527836523e-03
1.207776343091923e-03
1.153492590874982e-03
1.101425223114302e-03
1.051494605906720e-03
1.003623470544851e-03
9.577368646212954e-04
9.137621032538790e-04
8.716287204744821e-04
8.312684208222443e-04
7.926150311801456e-04
7.556044528921985e-04
7.201746141967375e-04
6.862654230095482e-04
6.538187200888911e-04
6.227782326127398e-04
5.930895281969215e-04
5.646999693811792e-04
5.375586686085637e-04
5.116164437219778e-04
4.868257740001269e-04
4.631407567536084e-04
4.405170645003701e-04
4.189119027383138e-04
3.982839683313881e-04
3.785934085241206e-04
3.598017805981941e-04
3.418720121833440e-04
3.247683622335831e-04
3.084563826785187e-04
2.929028807583195e-04
2.780758820497401e-04
2.639445941894756e-04
2.504793713000508e-04
2.376516791223978e-04
2.254340608582773e-04
2.138001037247409e-04
2.027244062219077e-04
1.921825461144473e-04
1.821510491263240e-04
1.726073583475519e-04
1.635298043509478e-04
1.548975760161483e-04
1.466906920574684e-04
1.388899732515312e-04
1.314770153599911e-04
1.244341627420923e-04
1.177444826512744e-04
1.113917402095250e-04
1.053603740527191e-04
9.963547263974496e-05
9.420275121781935e-05
8.904852943602199e-05
8.415970959874668e-05
7.952375555045646e-05
7.512867218285714e-05
7.096298555535438e-05
6.701572361944237e-05
6.327639753748090e-05
5.973498358615352e-05
5.638190563476027e-05
5.320801818838698e-05
5.020458998590195e-05
4.736328814266648e-05
4.467616282780158e-05
4.213563246583212e-05
3.973446945252806e-05
3.746578637478249e-05
3.532302272440398e-05
3.329993209575774e-05
3.139056985726491e-05
2.958928128685999e-05
2.789069016161466e-05
2.628968779185861e-05
2.478142249026584e-05
2.336128946652657e-05
2.202492113838930e-05
2.076817785003588e-05
1.958713898894109e-05
1.847809449256959e-05
1.743753673647492e-05
1.646215279558627e-05
1.554881707070115e-05
1.469458427244151e-05
1.389668275518068e-05
1.315250819370482e-05
1.245961759563742e-05
1.181572364292670e-05
1.121868935597389e-05
1.066652307426451e-05
1.015737374765471e-05
9.689526532759865e-06
9.261398689192912e-06
8.871535770704158e-06
8.518608106583538e-06
8.201407568998631e-06
7.918844622257854e-06
7.669945650307738e-06
7.453850559094997e-06
7.269810650749039e-06
7.117186766867314e-06
6.995447698514928e-06
6.904168860880453e-06
6.843031230861973e-06
6.811820546190684e-06
