6.876577101381257e-06
6.906599508556374e-06
6.966748771745684e-06
7.057234048979280e-06
7.178369728519275e-06
7.330576211263818e-06
7.514380955524488e-06
7.730419785523031e-06
7.979438465288143e-06
8.262294539966295e-06
8.579959446892715e-06
8.933520899098617e-06
9.324185544259098e-06
9.753281902411799e-06
1.022226358609983e-05
1.073271280691262e-05
1.128634417271579e-05
1.188500878017429e-05
1.253069860748353e-05
1.322555121252791e-05
1.397185474198810e-05
1.477205325721364e-05
1.562875238296895e-05
1.654472528544520e-05
1.752291898620988e-05
1.856646101903789e-05
1.967866643683335e-05
2.086304517610902e-05
2.212330978674001e-05
2.346338353494949e-05
2.488740888771636e-05
2.639975638701759e-05
2.800503392252980e-05
2.970809641161687e-05
3.151405589562014e-05
3.342829206164646e-05
3.545646319921455e-05
3.760451760127311e-05
3.987870541924156e-05
4.228559098184929e-05
4.483206558765624e-05
4.752536078123101e-05
5.037306212303735e-05
5.338312346313789e-05
5.656388172886311e-05
5.992407223661395e-05
6.347284453796628e-05
6.721977881022488e-05
7.117490280153249e-05
7.534870934057415e-05
7.975217442082978e-05
8.439677586921485e-05
8.929451260881216e-05
9.445792452523575e-05
9.990011294597544e-05
1.056347617418569e-04
1.116761590595035e-04
1.180392196934129e-04
1.247395081059568e-04
1.317932621032745e-04
1.392174171746673e-04
1.470296315026968e-04
1.552483116507614e-04
1.638926389344538e-04
1.729825964825081e-04
1.825389969925985e-04
1.925835111866893e-04
2.031386969700183e-04
2.142280292971546e-04
2.258759307478853e-04
2.381078028149628e-04
2.509500579049863e-04
2.644301520528862e-04
2.785766183496464e-04
2.934191010820146e-04
3.089883905820357e-04
3.253164587832820e-04
3.424364954796557e-04
3.603829452815968e-04
3.791915452634543e-04
3.988993632946529e-04
4.195448370461332e-04
4.411678136623373e-04
4.638095900877816e-04
4.875129540359716e-04
5.123222255871045e-04
5.382832993996522e-04
5.654436875195200e-04
5.938525627690615e-04
6.235608026967575e-04
6.546210340668826e-04
6.870876778669471e-04
7.210169948091460e-04
7.564671313004588e-04
7.934981658544272e-04
8.321721559159807e-04
8.725531850690331e-04
9.147074105948562e-04
9.587031113475363e-04
1.004610735911080e-03
1.052502951000985e-03
1.102454690071325e-03
1.154543202086626e-03
1.208848100416009e-03
1.265451411805296e-03
1.324437625380960e-03
1.385893741638021e-03
1.449909321362160e-03
1.516576534434566e-03
1.585990208466207e-03
1.658247877206472e-03
1.733449828669359e-03
1.811699152918630e-03
1.893101789451661e-03
1.977766574120007e-03
2.065805285523025e-03
2.157332690809292e-03
2.252466590818953e-03
2.351327864498571e-03
2.454040512518549e-03
2.560731700021770e-03
2.671531798430629e-03
2.786574426238364e-03
2.905996488709246e-03
3.029938216411018e-03
3.158543202501796e-03
3.291958438692613e-03
3.430334349805725e-03
3.573824826847997e-03
3.722587258517757e-03
3.876782561062863e-03
4.036575206407047e-03
4.202133248461106e-03
4.373628347535038e-03
4.551235792766966e-03
4.735134522484419e-03
4.925507142413506e-03
5.122539941651521e-03
5.326422906318676e-03
5.537349730804933e-03
5.755517826528336e-03
5.981128328121782e-03
6.214386096965802e-03
6.455499721985839e-03
6.704681517633379e-03
6.962147518971412e-03
7.228117473786018e-03
7.502814831647176e-03
7.786466729843486e-03
8.079303976117211e-03
8.381561028127869e-03
8.693475969574595e-03
9.015290482909699e-03
9.347249818578113e-03
9.689602760719916e-03
1.004260158927573e-02
1.040650203843756e-02
1.078156325139061e-02
1.116804773129461e-02
1.156622128845652e-02
1.197635298364979e-02
1.239871506753890e-02
1.283358291617161e-02
1.328123496250505e-02
1.374195262393595e-02
1.421602022580917e-02
1.470372492088302e-02
1.520535660473423e-02
1.572120782708983e-02
1.625157369907792e-02
1.679675179639375e-02
1.735704205838271e-02
1.793274668304641e-02
1.852417001798327e-02
1.913161844727995e-02
1.975540027437537e-02
2.039582560092408e-02
2.105320620169122e-02
2.172785539551669e-02
2.242008791239155e-02
2.313021975669510e-02
2.385856806664699e-02
2.460545097003344e-02
2.537118743627332e-02
2.615609712489456e-02
2.696050023049724e-02
2.778471732428551e-02
2.862906919225554e-02
2.949387667013296e-02
3.037946047515796e-02
3.128614103482220e-02
3.221423831266711e-02
3.316407163125800e-02
3.413595949245427e-02
3.513021939510072e-02
3.614716765027026e-02
3.718711919419335e-02
3.825038739901405e-02
3.933728388151767e-02
4.044811830997928e-02
4.158319820928711e-02
4.274282876449878e-02
4.392731262299282e-02
4.513694969538157e-02
4.637203695535559e-02
4.763286823863307e-02
4.891973404119134e-02
5.023292131696047e-02
5.157271327516232e-02
5.293938917748051e-02
5.433322413525015e-02
5.575448890685757e-02
5.720344969554287e-02
5.868036794779977e-02
6.018550015256855e-02
6.171909764141931e-02
6.328140638992409e-02
6.487266682041605e-02
6.649311360633593e-02
6.814297547836445e-02
6.982247503254087e-02
7.153182854056604e-02
7.327124576248861e-02
7.504092976197183e-02
7.684107672433653e-02
7.867187577757553e-02
8.053350881653150e-02
8.242615033042916e-02
8.434996723394998e-02
8.630511870203472e-02
8.829175600859619e-02
9.031002236932170e-02
9.236005278874045e-02
9.444197391172821e-02
9.655590387961648e-02
9.870195219106995e-02
1.008802195678910e-01
1.030907978259053e-01
1.053337697510765e-01
1.076092089809954e-01
1.099171798918794e-01
1.122577374912163e-01
1.146309273161772e-01
1.170367853379194e-01
1.194753378718925e-01
1.219466014942550e-01
1.244505829645009e-01
1.269872791543912e-01
1.295566769832746e-01
1.321587533598781e-01
1.347934751306384e-01
1.374607990346384e-01
1.401606716652058e-01
1.428930294382232e-01
1.456577985671892e-01
1.484548950450667e-01
1.512842246329417e-01
1.541456828555119e-01
1.570391550034137e-01
1.599645161423899e-01
1.629216311292929e-01
1.659103546349079e-01
1.689305311735741e-01
1.719819951395759e-01
1.750645708502646e-01
1.781780725958650e-01
1.813223046959153e-01
1.844970615622779e-01
1.877021277686542e-01
1.909372781265257e-01
1.942022777674408e-01
1.974968822315557e-01
2.008208375623319e-01
2.041738804072881e-01
2.075557381246936e-01
2.109661288960885e-01
2.144047618445049e-01
2.178713371582616e-01
2.213655462201954e-01
2.248870717421885e-01
2.284355879048464e-01
2.320107605021723e-01
2.356122470910841e-01
2.392396971456089e-01
2.428927522155946e-01
2.465710460897614e-01
2.502742049629255e-01
2.540018476072134e-01
2.577535855470875e-01
2.615290232379971e-01
2.653277582484699e-01
2.691493814454515e-01
2.729934771827037e-01
2.768596234920667e-01
2.807473922773877e-01
2.846563495109215e-01
2.885860554320046e-01
2.925360647478012e-01
2.965059268359259e-01
3.004951859487379e-01
3.045033814191133e-01
3.085300478674896e-01
3.125747154099883e-01
3.166369098674151e-01
3.207161529749425e-01
3.248119625922768e-01
3.289238529141187e-01
3.330513346807222e-01
3.371939153883662e-01
3.413510994995460e-01
3.455223886527058e-01
3.497072818713253e-01
3.539052757721835e-01
3.581158647726259e-01
3.623385412966589e-01
3.665727959797070e-01
3.708181178718653e-01
3.750739946394889e-01
3.793399127649610e-01
3.836153577444904e-01
3.878998142837868e-01
3.921927664914757e-01
3.964936980701130e-01
4.008020925046639e-01
4.051174332483237e-01
4.094392039055513e-01
4.137668884122027e-01
4.180999712126494e-01
4.224379374337753e-01
4.267802730557513e-01
4.311264650794905e-01
4.354760016906940e-01
4.398283724204018e-01
4.441830683019710e-01
4.485395820244045e-01
4.528974080819648e-01
4.572560429200081e-01
4.616149850769837e-01
4.659737353225453e-01
4.703317967917291e-01
4.746886751151577e-01
4.790438785452341e-01
4.833969180782994e-01
4.877473075727229e-01
4.920945638629133e-01
4.964382068692307e-01
5.007777597037935e-01
5.051127487721745e-01
5.094427038709890e-01
5.137671582813782e-01
5.180856488583983e-01
5.223977161163322e-01
5.267029043099397e-01
5.310007615116733e-01
5.352908396848826e-01
5.395726947530433e-01
5.438458866650435e-01
5.481099794565673e-01
5.523645413076190e-01
5.566091445962332e-01
5.608433659484209e-01
5.650667862844047e-01
5.692789908611978e-01
5.734795693115868e-01
5.776681156795779e-01
5.818442284523714e-01
5.860075105889319e-01
5.901575695452184e-01
5.942940172961515e-01
5.984164703543833e-01
6.025245497859480e-01
6.066178812228701e-01
6.106960948728037e-01
6.147588255257864e-01
6.188057125581804e-01
6.228363999338924e-01
6.268505362029425e-01
6.308477744974728e-01
6.348277725252758e-01
6.387901925609265e-01
6.427347014346011e-01
6.466609705186681e-01
6.505686757121369e-01
6.544574974230443e-01
6.583271205488662e-01
6.621772344550394e-01
6.660075329516720e-01
6.698177142685309e-01
6.736074810283849e-01
6.773765402187875e-01
6.811246031623791e-01
6.848513854857886e-01
6.885566070872154e-01
6.922399921027659e-01
6.959012688716274e-01
6.995401699001484e-01
7.031564318249074e-01
7.067497953748343e-01
7.103200053324671e-01
7.138668104944046e-01
7.173899636310290e-01
7.208892214455676e-01
7.243643445325525e-01
7.278150973357510e-01
7.312412481056233e-01
7.346425688563709e-01
7.380188353226339e-01
7.413698269158963e-01
7.446953266806549e-01
7.479951212504012e-01
7.512690008034775e-01
7.545167590188474e-01
7.577381930318390e-01
7.609331033898985e-01
7.641012940084079e-01
7.672425721266021e-01
7.703567482636343e-01
7.734436361748223e-01
7.765030528081187e-01
7.795348182608404e-01
7.825387557366876e-01
7.855146915030926e-01
7.884624548489202e-01
7.913818780425574e-01
7.942727962904151e-01
7.971350476958692e-01
7.999684732186646e-01
8.027729166348073e-01
8.055482244969626e-01
8.082942460953830e-01
8.110108334193795e-01
8.136978411193584e-01
8.163551264694338e-01
8.189825493306336e-01
8.215799721147116e-01
8.241472597485738e-01
8.266842796393338e-01
8.291909016400018e-01
8.316669980158193e-01
8.341124434112422e-01
8.365271148175810e-01
8.389108915412994e-01
8.412636551729796e-01
8.435852895569511e-01
8.458756807615898e-01
8.481347170502831e-01
8.503622888530662e-01
8.525582887389238e-01
8.547226113887583e-01
8.568551535690208e-01
8.589558141060029e-01
8.610244938607836e-01
8.630610957048279e-01
8.650655244962335e-01
8.670376870566152e-01
8.689774921486277e-01
8.708848504541142e-01
8.727596745528764e-01
8.746018789020590e-01
8.764113798161384e-01
8.781880954475094e-01
8.799319457676629e-01
8.816428525489396e-01
8.833207393468590e-01
8.849655314830062e-01
8.865771560284746e-01
8.881555417878484e-01
8.897006192837181e-01
8.912123207417216e-01
8.926905800760937e-01
8.941353328757211e-01
8.955465163906894e-01
8.969240695193108e-01
8.982679327956266e-01
8.995780483773693e-01
9.008543600343761e-01
9.020968131374461e-01
9.033053546476274e-01
9.044799331059251e-01
9.056204986234260e-01
9.067270028718154e-01
9.077993990742994e-01
9.088376419968981e-01
9.098416879401208e-01
9.108114947310006e-01
9.117470217154904e-01
9.126482297511993e-01
9.135150812004726e-01
9.143475399238008e-01
9.151455712735493e-01
9.159091420880047e-01
9.166382206857270e-01
9.173327768602003e-01
9.179927818747802e-01
9.186182084579210e-01
9.192090307986880e-01
9.197652245425388e-01
9.202867667873753e-01
9.207736360798552e-01
9.212258124119599e-01
9.216432772178159e-01
9.220260133707612e-01
9.223740051806554e-01
9.226872383914261e-01
9.229657001788535e-01
9.232093791485841e-01
9.234182653343711e-01
9.235923501965466e-01
9.237316266207087e-01
9.238360889166374e-01
9.239057328174243e-01
9.239405554788250e-01
9.239405554788250e-01
9.239057328174243e-01
9.238360889166374e-01
9.237316266207087e-01
9.235923501965466e-01
9.234182653343711e-01
9.232093791485841e-01
9.229657001788535e-01
9.226872383914261e-01
9.223740051806554e-01
9.220260133707612e-01
9.216432772178159e-01
9.212258124119599e-01
9.207736360798552e-01
9.202867667873753e-01
9.197652245425388e-01
9.192090307986880e-01
9.186182084579210e-01
9.179927818747802e-01
9.173327768602003e-01
9.166382206857270e-01
9.159091420880047e-01
9.151455712735493e-01
9.143475399238008e-01
9.135150812004726e-01
9.126482297511993e-01
9.117470217154904e-01
9.108114947310006e-01
9.098416879401208e-01
9.088376419968981e-01
9.077993990742994e-01
9.067270028718154e-01
9.056204986234260e-01
9.044799331059251e-01
9.033053546476274e-01
9.020968131374461e-01
9.008543600343761e-01
8.995780483773693e-01
8.982679327956266e-01
8.969240695193108e-01
8.955465163906894e-01
8.941353328757211e-01
8.926905800760937e-01
8.912123207417216e-01
8.897006192837181e-01
8.881555417878484e-01
8.865771560284746e-01
8.849655314830062e-01
8.833207393468590e-01
8.816428525489396e-01
8.799319457676629e-01
8.781880954475094e-01
8.764113798161384e-01
8.746018789020590e-01
8.727596745528764e-01
8.708848504541142e-01
8.689774921486277e-01
8.670376870566152e-01
8.650655244962335e-01
8.630610957048279e-01
8.610244938607836e-01
8.589558141060029e-01
8.568551535690208e-01
8.547226113887583e-01
8.525582887389238e-01
8.503622888530662e-01
8.481347170502831e-01
8.458756807615898e-01
8.435852895569511e-01
8.412636551729796e-01
8.389108915412994e-01
8.365271148175810e-01
8.341124434112422e-01
8.316669980158193e-01
8.291909016400018e-01
8.266842796393338e-01
8.241472597485738e-01
8.215799721147116e-01
8.189825493306336e-01
8.163551264694338e-01
8.136978411193584e-01
8.110108334193795e-01
8.082942460953830e-01
8.055482244969626e-01
8.027729166348073e-01
7.999684732186646e-01
7.971350476958692e-01
7.942727962904151e-01
7.913818780425574e-01
7.884624548489202e-01
7.855146915030926e-01
7.825387557366876e-01
7.795348182608404e-01
7.765030528081187e-01
7.734436361748223e-01
7.703567482636343e-01
7.672425721266021e-01
7.641012940084079e-01
7.609331033898985e-01
7.577381930318390e-01
7.545167590188474e-01
7.512690008034775e-01
7.479951212504012e-01
7.446953266806549e-01
7.413698269158963e-01
7.380188353226339e-01
7.346425688563709e-01
7.312412481056233e-01
7.278150973357510e-01
7.243643445325525e-01
7.208892214455676e-01
7.173899636310290e-01
7.138668104944046e-01
7.103200053324671e-01
7.067497953748343e-01
7.031564318249074e-01
6.995401699001484e-01
6.959012688716274e-01
6.922399921027659e-01
6.885566070872154e-01
6.848513854857886e-01
6.811246031623791e-01
6.773765402187875e-01
6.736074810283849e-01
6.698177142685309e-01
6.660075329516720e-01
6.621772344550394e-01
6.583271205488662e-01
6.544574974230443e-01
6.505686757121369e-01
6.466609705186681e-01
6.427347014346011e-01
6.387901925609265e-01
6.348277725252758e-01
6.308477744974728e-01
6.268505362029425e-01
6.228363999338924e-01
6.188057125581804e-01
6.147588255257864e-01
6.106960948728037e-01
6.066178812228701e-01
6.025245497859480e-01
5.984164703543833e-01
5.942940172961515e-01
5.901575695452184e-01
5.860075105889319e-01
5.818442284523714e-01
5.776681156795779e-01
5.734795693115868e-01
5.692789908611978e-01
5.650667862844047e-01
5.608433659484209e-01
5.566091445962332e-01
5.523645413076190e-01
5.481099794565673e-01
5.438458866650435e-01
5.395726947530433e-01
5.352908396848826e-01
5.310007615116733e-01
5.267029043099397e-01
5.223977161163322e-01
5.180856488583983e-01
5.137671582813782e-01
5.094427038709890e-01
5.051127487721745e-01
5.007777597037935e-01
4.964382068692307e-01
4.920945638629133e-01
4.877473075727229e-01
4.833969180782994e-01
4.790438785452341e-01
4.746886751151577e-01
4.703317967917291e-01
4.659737353225453e-01
4.616149850769837e-01
4.572560429200081e-01
4.528974080819648e-01
4.485395820244045e-01
4.441830683019710e-01
4.398283724204018e-01
4.354760016906940e-01
4.311264650794905e-01
4.267802730557513e-01
4.224379374337753e-01
4.180999712126494e-01
4.137668884122027e-01
4.094392039055513e-01
4.051174332483237e-01
4.008020925046639e-01
3.964936980701130e-01
3.921927664914757e-01
3.878998142837868e-01
3.836153577444904e-01
3.793399127649610e-01
3.750739946394889e-01
3.708181178718653e-01
3.665727959797070e-01
3.623385412966589e-01
3.581158647726259e-01
3.539052757721835e-01
3.497072818713253e-01
3.455223886527058e-01
3.413510994995460e-01
3.371939153883662e-01
3.330513346807222e-01
3.289238529141187e-01
3.248119625922768e-01
3.207161529749425e-01
3.166369098674151e-01
3.125747154099883e-01
3.085300478674896e-01
3.045033814191133e-01
3.004951859487379e-01
2.965059268359259e-01
2.925360647478012e-01
2.885860554320046e-01
2.846563495109215e-01
2.807473922773877e-01
2.768596234920667e-01
2.729934771827037e-01
2.691493814454515e-01
2.653277582484699e-01
2.615290232379971e-01
2.577535855470875e-01
2.540018476072134e-01
2.502742049629255e-01
2.465710460897614e-01
2.428927522155946e-01
2.392396971456089e-01
2.356122470910841e-01
2.320107605021723e-01
2.284355879048464e-01
2.248870717421885e-01
2.213655462201954e-01
2.178713371582616e-01
2.144047618445049e-01
2.109661288960885e-01
2.075557381246936e-01
2.041738804072881e-01
2.008208375623319e-01
1.974968822315557e-01
1.942022777674408e-01
1.909372781265257e-01
1.877021277686542e-01
1.844970615622779e-01
1.813223046959153e-01
1.781780725958650e-01
1.750645708502647e-01
1.719819951395760e-01
1.689305311735741e-01
1.659103546349080e-01
1.629216311292930e-01
1.599645161423900e-01
1.570391550034138e-01
1.541456828555120e-01
1.512842246329418e-01
1.484548950450668e-01
1.456577985671893e-01
1.428930294382233e-01
1.401606716652060e-01
1.374607990346384e-01
1.347934751306385e-01
1.321587533598782e-01
1.295566769832747e-01
1.269872791543913e-01
1.244505829645009e-01
1.219466014942550e-01
1.194753378718926e-01
1.170367853379194e-01
1.146309273161772e-01
1.122577374912163e-01
1.099171798918794e-01
1.076092089809954e-01
1.053337697510766e-01
1.030907978259054e-01
1.008802195678911e-01
9.870195219106999e-02
9.655590387961652e-02
9.444197391172825e-02
9.236005278874047e-02
9.031002236932172e-02
8.829175600859623e-02
8.630511870203476e-02
8.434996723395002e-02
8.242615033042919e-02
8.053350881653153e-02
7.867187577757556e-02
7.684107672433657e-02
7.504092976197185e-02
7.327124576248867e-02
7.153182854056610e-02
6.982247503254094e-02
6.814297547836451e-02
6.649311360633599e-02
6.487266682041612e-02
6.328140638992415e-02
6.171909764141938e-02
6.018550015256861e-02
5.868036794779983e-02
5.720344969554292e-02
5.575448890685761e-02
5.433322413525020e-02
5.293938917748058e-02
5.157271327516241e-02
5.023292131696055e-02
4.891973404119140e-02
4.763286823863314e-02
4.637203695535567e-02
4.513694969538165e-02
4.392731262299289e-02
4.274282876449884e-02
4.158319820928718e-02
4.044811830997933e-02
3.933728388151772e-02
3.825038739901410e-02
3.718711919419340e-02
3.614716765027030e-02
3.513021939510077e-02
3.413595949245431e-02
3.316407163125805e-02
3.221423831266716e-02
3.128614103482225e-02
3.037946047515800e-02
2.949387667013301e-02
2.862906919225558e-02
2.778471732428554e-02
2.696050023049728e-02
2.615609712489459e-02
2.537118743627335e-02
2.460545097003347e-02
2.385856806664702e-02
2.313021975669514e-02
2.242008791239157e-02
2.172785539551672e-02
2.105320620169125e-02
2.039582560092411e-02
1.975540027437539e-02
1.913161844727997e-02
1.852417001798328e-02
1.793274668304643e-02
1.735704205838273e-02
1.679675179639377e-02
1.625157369907793e-02
1.572120782708985e-02
1.520535660473425e-02
1.470372492088304e-02
1.421602022580919e-02
1.374195262393597e-02
1.328123496250506e-02
1.283358291617162e-02
1.239871506753892e-02
1.197635298364980e-02
1.156622128845653e-02
1.116804773129462e-02
1.078156325139062e-02
1.040650203843757e-02
1.004260158927574e-02
9.689602760719928e-03
9.347249818578126e-03
9.015290482909711e-03
8.693475969574607e-03
8.381561028127879e-03
8.079303976117221e-03
7.786466729843495e-03
7.502814831647186e-03
7.228117473786029e-03
6.962147518971420e-03
6.704681517633385e-03
6.455499721985846e-03
6.214386096965807e-03
5.981128328121785e-03
5.755517826528340e-03
5.537349730804933e-03
5.326422906318678e-03
5.122539941651524e-03
4.925507142413508e-03
4.735134522484420e-03
4.551235792766968e-03
4.373628347535040e-03
4.202133248461108e-03
4.036575206407049e-03
3.876782561062865e-03
3.722587258517760e-03
3.573824826848000e-03
3.430334349805728e-03
3.291958438692616e-03
3.158543202501802e-03
3.029938216411022e-03
2.905996488709251e-03
2.786574426238369e-03
2.671531798430632e-03
2.560731700021773e-03
2.454040512518552e-03
2.351327864498573e-03
2.252466590818956e-03
2.157332690809293e-03
2.065805285523025e-03
1.977766574120007e-03
1.893101789451661e-03
1.811699152918630e-03
1.733449828669359e-03
1.658247877206472e-03
1.585990208466207e-03
1.516576534434566e-03
1.449909321362160e-03
1.385893741638021e-03
1.324437625380960e-03
1.265451411805296e-03
1.208848100416009e-03
1.154543202086626e-03
1.102454690071325e-03
1.052502951000985e-03
1.004610735911080e-03
9.587031113475363e-04
9.147074105948562e-04
8.725531850690331e-04
8.321721559159807e-04
7.934981658544272e-04
7.564671313004588e-04
7.210169948091460e-04
6.870876778669471e-04
6.546210340668826e-04
6.235608026967575e-04
5.938525627690615e-04
5.654436875195200e-04
5.382832993996522e-04
5.123222255871045e-04
4.875129540359716e-04
4.638095900877816e-04
4.411678136623373e-04
4.195448370461332e-04
3.988993632946529e-04
3.791915452634543e-04
3.603829452815968e-04
3.424364954796557e-04
3.253164587832820e-04
3.089883905820357e-04
2.934191010820146e-04
2.785766183496464e-04
2.644301520528862e-04
2.509500579049863e-04
2.381078028149628e-04
2.258759307478853e-04
2.142280292971546e-04
2.031386969700183e-04
1.925835111866893e-04
1.825389969925985e-04
1.729825964825081e-04
1.638926389344538e-04
1.552483116507614e-04
1.470296315026968e-04
1.392174171746673e-04
1.317932621032745e-04
1.247395081059568e-04
1.180392196934129e-04
1.116761590595035e-04
1.056347617418569e-04
9.990011294597544e-05
9.445792452523575e-05
8.929451260881216e-05
8.439677586921485e-05
7.975217442082978e-05
7.534870934057415e-05
7.117490280153249e-05
6.721977881022488e-05
6.347284453796628e-05
5.992407223661395e-05
5.656388172886311e-05
5.338312346313789e-05
5.037306212303735e-05
4.752536078123101e-05
4.483206558765624e-05
4.228559098184929e-05
3.987870541924156e-05
3.760451760127311e-05
3.545646319921455e-05
3.342829206164646e-05
3.151405589562014e-05
2.970809641161687e-05
2.800503392252980e-05
2.639975638701759e-05
2.488740888771636e-05
2.346338353494949e-05
2.212330978674001e-05
2.086304517610902e-05
1.967866643683335e-05
1.856646101903789e-05
1.752291898620988e-05
1.654472528544520e-05
1.562875238296895e-05
1.477205325721364e-05
1.397185474198810e-05
1.322555121252791e-05
1.253069860748353e-05
1.188500878017429e-05
1.128634417271579e-05
1.073271280691262e-05
1.022226358609983e-05
9.753281902411799e-06
9.324185544259098e-06
8.933520899098617e-06
8.579959446892715e-06
8.262294539966295e-06
7.979438465288143e-06
7.730419785523031e-06
7.514380955524488e-06
7.330576211263818e-06
7.178369728519275e-06
7.057234048979280e-06
6.966748771745684e-06
6.906599508556374e-06
6.876577101381257e-06
