6.876576780692922e-06
6.906599186758149e-06
6.966748447724927e-06
7.057233721617849e-06
7.178369396690767e-06
7.330575873830799e-06
7.514380611335703e-06
7.730419433410615e-06
7.979438104064781e-06
8.262294168422396e-06
8.579959063793518e-06
8.933520503181294e-06
9.324185134229808e-06
9.753281476942713e-06
1.022226314382610e-05
1.073271234642933e-05
1.128634369257481e-05
1.188500827888117e-05
1.253069808349420e-05
1.322555066424549e-05
1.397185416775947e-05
1.477205265532612e-05
1.562875175164679e-05
1.654472462284604e-05
1.752291829042116e-05
1.856646028807315e-05
1.967866566862846e-05
2.086304436851835e-05
2.212330893753251e-05
2.346338264180463e-05
2.488740794822010e-05
2.639975539865815e-05
2.800503288269339e-05
2.970809531758327e-05
3.151405474455831e-05
3.342829085060989e-05
3.545646192513668e-05
3.760451626096245e-05
3.987870400937695e-05
4.228558949897480e-05
4.483206402817618e-05
4.752535914140472e-05
5.037306039897392e-05
5.338312165079076e-05
5.656387982402460e-05
5.992407023490961e-05
6.347284243484919e-05
6.721977660096989e-05
7.117490048123025e-05
7.534870690412516e-05
7.975217186293821e-05
8.439677318438222e-05
8.929450979133133e-05
9.445792156918412e-05
9.990010984520874e-05
1.056347584900025e-04
1.116761556499534e-04
1.180392161193177e-04
1.247395043602180e-04
1.317932581785381e-04
1.392174130633168e-04
1.470296271968457e-04
1.552483071422463e-04
1.638926342148277e-04
1.729825915430321e-04
1.825389918242352e-04
1.925835057800955e-04
2.031386913155373e-04
2.142280233848090e-04
2.258759245673694e-04
2.381077963556354e-04
2.509500511558631e-04
2.644301450026325e-04
2.785766109865695e-04
2.934190933940565e-04
3.089883825567657e-04
3.253164504078897e-04
3.424364867409432e-04
3.603829361659719e-04
3.791915357569233e-04
3.988993533828137e-04
4.195448267141680e-04
4.411678028950065e-04
4.638095788694162e-04
4.875129423504674e-04
5.123222134179158e-04
5.382832867297850e-04
5.654436743315265e-04
5.938525490450340e-04
6.235607884183230e-04
6.546210192151980e-04
6.870876624226927e-04
7.210169787525218e-04
7.564671146111804e-04
7.934981485117195e-04
8.321721378985763e-04
8.725531663551674e-04
9.147073911622648e-04
9.587030911734516e-04
1.004610714972229e-03
1.052502929273587e-03
1.102454667531091e-03
1.154543178708756e-03
1.208848076175192e-03
1.265451386675709e-03
1.324437599336271e-03
1.385893714651386e-03
1.449909293406228e-03
1.516576505481478e-03
1.585990178487599e-03
1.658247846173480e-03
1.733449796552619e-03
1.811699119688286e-03
1.893101755077370e-03
1.977766538570940e-03
2.065805248767879e-03
2.157332652816293e-03
2.252466551555866e-03
2.351327823932706e-03
2.454040470616773e-03
2.560731656750517e-03
2.671531753755908e-03
2.786574380125772e-03
2.905996441123979e-03
3.029938167317887e-03
3.158543151865240e-03
3.291958386476710e-03
3.430334295974214e-03
3.573824771364291e-03
3.722587201344960e-03
3.876782502163786e-03
4.036575145744233e-03
4.202133185996847e-03
4.373628283231395e-03
4.551235726585790e-03
4.735134454387375e-03
4.925507072362099e-03
5.122539869607115e-03
5.326422832242521e-03
5.537349654658193e-03
5.755517748272116e-03
5.981128247717151e-03
6.214386014373827e-03
6.455499637167619e-03
6.704681430550060e-03
6.962147429584231e-03
7.228117382056332e-03
7.502814737536491e-03
7.786466633313492e-03
8.079303877129825e-03
8.381560926645255e-03
8.693475865559207e-03
9.015290376324318e-03
9.347249709385884e-03
9.689602648884386e-03
1.004260147476088e-02
1.040650192120786e-02
1.078156313141104e-02
1.116804760853070e-02
1.156622116287441e-02
1.197635285521624e-02
1.239871493622137e-02
1.283358278193827e-02
1.328123482532482e-02
1.374195248377858e-02
1.421602008264523e-02
1.470372477468398e-02
1.520535645547248e-02
1.572120767473875e-02
1.625157354361190e-02
1.679675163778823e-02
1.735704189661424e-02
1.793274651809269e-02
1.852416984982316e-02
1.913161827589355e-02
1.975540009974406e-02
2.039582542303054e-02
2.105320602051948e-02
2.172785521105218e-02
2.242008772462110e-02
2.313021956560707e-02
2.385856787223120e-02
2.460545077228126e-02
2.537118723517773e-02
2.615609692045015e-02
2.696050002270027e-02
2.778471711313390e-02
2.862906897774896e-02
2.949387645227285e-02
3.037946025394752e-02
3.128614081026647e-02
3.221423808477297e-02
3.316407140003422e-02
3.413595925791152e-02
3.513021915725159e-02
3.614716740912931e-02
3.718711894977712e-02
3.825038715134105e-02
3.933728363060844e-02
4.044811805585641e-02
4.158319795197524e-02
4.274282850402460e-02
4.392731235938510e-02
4.513694942867119e-02
4.637203668557550e-02
4.763286796581837e-02
4.891973376537918e-02
5.023292103819018e-02
5.157271299347527e-02
5.293938889292026e-02
5.433322384786235e-02
5.575448861668997e-02
5.720344940264534e-02
5.868036765222427e-02
6.018549985436909e-02
6.171909734065204e-02
6.328140608664715e-02
6.487266651468966e-02
6.649311329822231e-02
6.814297516792787e-02
6.982247471984754e-02
7.153182822568412e-02
7.327124544548820e-02
7.504092944292487e-02
7.684107640331693e-02
7.867187545465899e-02
8.053350849179547e-02
8.242615000395290e-02
8.434996690581448e-02
8.630511837232263e-02
8.829175567739182e-02
9.031002203671089e-02
9.236005245481070e-02
9.444197357656844e-02
9.655590354331706e-02
9.870195185372266e-02
1.008802192295890e-01
1.030907974867430e-01
1.053337694111496e-01
1.076092086404007e-01
1.099171795507149e-01
1.122577371495810e-01
1.146309269741711e-01
1.170367849956435e-01
1.194753375294486e-01
1.219466011517457e-01
1.244505826220296e-01
1.269872788120619e-01
1.295566766411920e-01
1.321587530181473e-01
1.347934747893650e-01
1.374607986939285e-01
1.401606713251659e-01
1.428930290989599e-01
1.456577982288093e-01
1.484548947076771e-01
1.512842242966495e-01
1.541456825204241e-01
1.570391546696370e-01
1.599645158100311e-01
1.629216307984586e-01
1.659103543057040e-01
1.689305308461065e-01
1.719819948139500e-01
1.750645705265851e-01
1.781780722742362e-01
1.813223043764408e-01
1.844970612450605e-01
1.877021274537960e-01
1.909372778141278e-01
1.942022774576037e-01
1.974968819243785e-01
2.008208372579129e-01
2.041738801057243e-01
2.075557378260810e-01
2.109661286005218e-01
2.144047615520776e-01
2.178713368690657e-01
2.213655459343215e-01
2.248870714597259e-01
2.284355876258828e-01
2.320107602267940e-01
2.356122468193753e-01
2.392396968776529e-01
2.428927519514724e-01
2.465710458295523e-01
2.502742047067072e-01
2.540018473550619e-01
2.577535852990766e-01
2.615290229941991e-01
2.653277580089546e-01
2.691493812102871e-01
2.729934769519566e-01
2.768596232658009e-01
2.807473920556653e-01
2.846563492938026e-01
2.885860552195469e-01
2.925360645400608e-01
2.965059266329562e-01
3.004951857505908e-01
3.045033812258379e-01
3.085300476791332e-01
3.125747152265958e-01
3.166369096890295e-01
3.207161528016044e-01
3.248119624240248e-01
3.289238527509888e-01
3.330513345227486e-01
3.371939152355806e-01
3.413510993519782e-01
3.455223885103832e-01
3.497072817342730e-01
3.539052756404249e-01
3.581158646461819e-01
3.623385411755484e-01
3.665727958639468e-01
3.708181177614698e-01
3.750739945344706e-01
3.793399126653307e-01
3.836153576502563e-01
3.878998141949551e-01
3.921927664080511e-01
3.964936979920978e-01
4.008020924320587e-01
4.051174331811270e-01
4.094392038437600e-01
4.137668883558115e-01
4.180999711616514e-01
4.224379373881617e-01
4.267802730155114e-01
4.311264650446123e-01
4.354760016611634e-01
4.398283723962034e-01
4.441830682830877e-01
4.485395820108175e-01
4.528974080736538e-01
4.572560429169513e-01
4.616149850791581e-01
4.659737353299263e-01
4.703317968042907e-01
4.746886751328724e-01
4.790438785680737e-01
4.833969181062338e-01
4.877473076057214e-01
4.920945639009436e-01
4.964382069122596e-01
5.007777597517865e-01
5.051127488250964e-01
5.094427039288036e-01
5.137671583440482e-01
5.180856489258855e-01
5.223977161885975e-01
5.267029043869437e-01
5.310007615933749e-01
5.352908397712408e-01
5.395726948440160e-01
5.438458867605882e-01
5.481099795566405e-01
5.523645414121769e-01
5.566091447052315e-01
5.608433660618145e-01
5.650667864021482e-01
5.692789909832459e-01
5.734795694378934e-01
5.776681158100962e-01
5.818442285870550e-01
5.860075107277337e-01
5.901575696880914e-01
5.942940174430483e-01
5.984164705052560e-01
6.025245499407489e-01
6.066178813815513e-01
6.106960950353177e-01
6.147588256920846e-01
6.188057127282154e-01
6.228364001076160e-01
6.268505363803066e-01
6.308477746784296e-01
6.348277727097776e-01
6.387901927489258e-01
6.427347016260502e-01
6.466609707135198e-01
6.505686759103440e-01
6.544574976245594e-01
6.583271207536430e-01
6.621772346630310e-01
6.660075331628323e-01
6.698177144828139e-01
6.736074812457451e-01
6.773765404391794e-01
6.811246033857575e-01
6.848513857121091e-01
6.885566073164331e-01
6.922399923348372e-01
6.959012691065083e-01
6.995401701377961e-01
7.031564320652783e-01
7.067497956178865e-01
7.103200055781583e-01
7.138668107426932e-01
7.173899638818739e-01
7.208892216989280e-01
7.243643447883881e-01
7.278150975940217e-01
7.312412483662898e-01
7.346425691193937e-01
7.380188355879747e-01
7.413698271835173e-01
7.446953269505180e-01
7.479951215224693e-01
7.512690010777140e-01
7.545167592952160e-01
7.577381933103033e-01
7.609331036704239e-01
7.641012942909592e-01
7.672425724111452e-01
7.703567485501347e-01
7.734436364632465e-01
7.765030530984341e-01
7.795348185530142e-01
7.825387560306878e-01
7.855146917988871e-01
7.884624551464776e-01
7.913818783418475e-01
7.942727965914073e-01
7.971350479985332e-01
7.999684735229711e-01
8.027729169407267e-01
8.055482248044666e-01
8.082942464044431e-01
8.110108337299681e-01
8.136978414314474e-01
8.163551267829960e-01
8.189825496456423e-01
8.215799724311403e-01
8.241472600663966e-01
8.266842799585248e-01
8.291909019605360e-01
8.316669983376715e-01
8.341124437343880e-01
8.365271151419954e-01
8.389108918669589e-01
8.412636554998600e-01
8.435852898850292e-01
8.458756810908427e-01
8.481347173806879e-01
8.503622891846006e-01
8.525582890715657e-01
8.547226117224855e-01
8.568551539038123e-01
8.589558144418372e-01
8.610244941976392e-01
8.630610960426843e-01
8.650655248350696e-01
8.670376873964106e-01
8.689774924893624e-01
8.708848507957681e-01
8.727596748954297e-01
8.746018792454924e-01
8.764113801604320e-01
8.781880957926447e-01
8.799319461136207e-01
8.816428528957013e-01
8.833207396944058e-01
8.849655318313199e-01
8.865771563775369e-01
8.881555421376408e-01
8.897006196342233e-01
8.912123210929216e-01
8.926905804279707e-01
8.941353332282579e-01
8.955465167438684e-01
8.969240698731153e-01
8.982679331500395e-01
8.995780487323735e-01
9.008543603899549e-01
9.020968134935823e-01
9.033053550043043e-01
9.044799334631272e-01
9.056204989811357e-01
9.067270032300173e-01
9.077993994329768e-01
9.088376423560349e-01
9.098416882997007e-01
9.108114950910079e-01
9.117470220759090e-01
9.126482301120131e-01
9.135150815616666e-01
9.143475402853589e-01
9.151455716354562e-01
9.159091424502445e-01
9.166382210482841e-01
9.173327772230596e-01
9.179927822379261e-01
9.186182088213383e-01
9.192090311623612e-01
9.197652249064530e-01
9.202867671515151e-01
9.207736364442053e-01
9.212258127765052e-01
9.216432775825412e-01
9.220260137356516e-01
9.223740055456956e-01
9.226872387566013e-01
9.229657005441487e-01
9.232093795139837e-01
9.234182656998611e-01
9.235923505621109e-01
9.237316269863332e-01
9.238360892823063e-01
9.239057331831233e-01
9.239405558445388e-01
9.239405558445388e-01
9.239057331831233e-01
9.238360892823063e-01
9.237316269863332e-01
9.235923505621109e-01
9.234182656998611e-01
9.232093795139837e-01
9.229657005441487e-01
9.226872387566013e-01
9.223740055456956e-01
9.220260137356516e-01
9.216432775825412e-01
9.212258127765052e-01
9.207736364442053e-01
9.202867671515151e-01
9.197652249064530e-01
9.192090311623612e-01
9.186182088213383e-01
9.179927822379261e-01
9.173327772230596e-01
9.166382210482841e-01
9.159091424502445e-01
9.151455716354562e-01
9.143475402853589e-01
9.135150815616666e-01
9.126482301120131e-01
9.117470220759090e-01
9.108114950910079e-01
9.098416882997007e-01
9.088376423560349e-01
9.077993994329768e-01
9.067270032300173e-01
9.056204989811357e-01
9.044799334631272e-01
9.033053550043043e-01
9.020968134935823e-01
9.008543603899549e-01
8.995780487323735e-01
8.982679331500395e-01
8.969240698731153e-01
8.955465167438684e-01
8.941353332282579e-01
8.926905804279707e-01
8.912123210929216e-01
8.897006196342233e-01
8.881555421376408e-01
8.865771563775369e-01
8.849655318313199e-01
8.833207396944058e-01
8.816428528957013e-01
8.799319461136207e-01
8.781880957926447e-01
8.764113801604320e-01
8.746018792454924e-01
8.727596748954297e-01
8.708848507957681e-01
8.689774924893624e-01
8.670376873964106e-01
8.650655248350696e-01
8.630610960426843e-01
8.610244941976392e-01
8.589558144418372e-01
8.568551539038123e-01
8.547226117224855e-01
8.525582890715657e-01
8.503622891846006e-01
8.481347173806879e-01
8.458756810908427e-01
8.435852898850292e-01
8.412636554998600e-01
8.389108918669589e-01
8.365271151419954e-01
8.341124437343880e-01
8.316669983376715e-01
8.291909019605360e-01
8.266842799585248e-01
8.241472600663966e-01
8.215799724311403e-01
8.189825496456423e-01
8.163551267829960e-01
8.136978414314474e-01
8.110108337299681e-01
8.082942464044431e-01
8.055482248044666e-01
8.027729169407267e-01
7.999684735229711e-01
7.971350479985332e-01
7.942727965914073e-01
7.913818783418475e-01
7.884624551464776e-01
7.855146917988871e-01
7.825387560306878e-01
7.795348185530142e-01
7.765030530984341e-01
7.734436364632465e-01
7.703567485501347e-01
7.672425724111452e-01
7.641012942909592e-01
7.609331036704239e-01
7.577381933103033e-01
7.545167592952160e-01
7.512690010777140e-01
7.479951215224693e-01
7.446953269505180e-01
7.413698271835173e-01
7.380188355879747e-01
7.346425691193937e-01
7.312412483662898e-01
7.278150975940217e-01
7.243643447883881e-01
7.208892216989280e-01
7.173899638818739e-01
7.138668107426932e-01
7.103200055781583e-01
7.067497956178865e-01
7.031564320652783e-01
6.995401701377961e-01
6.959012691065083e-01
6.922399923348372e-01
6.885566073164331e-01
6.848513857121091e-01
6.811246033857575e-01
6.773765404391794e-01
6.736074812457451e-01
6.698177144828139e-01
6.660075331628323e-01
6.621772346630310e-01
6.583271207536430e-01
6.544574976245594e-01
6.505686759103440e-01
6.466609707135198e-01
6.427347016260502e-01
6.387901927489258e-01
6.348277727097776e-01
6.308477746784296e-01
6.268505363803066e-01
6.228364001076160e-01
6.188057127282154e-01
6.147588256920846e-01
6.106960950353177e-01
6.066178813815513e-01
6.025245499407489e-01
5.984164705052560e-01
5.942940174430483e-01
5.901575696880914e-01
5.860075107277337e-01
5.818442285870550e-01
5.776681158100962e-01
5.734795694378934e-01
5.692789909832459e-01
5.650667864021482e-01
5.608433660618145e-01
5.566091447052315e-01
5.523645414121769e-01
5.481099795566405e-01
5.438458867605882e-01
5.395726948440160e-01
5.352908397712408e-01
5.310007615933749e-01
5.267029043869437e-01
5.223977161885975e-01
5.180856489258855e-01
5.137671583440482e-01
5.094427039288036e-01
5.051127488250964e-01
5.007777597517865e-01
4.964382069122596e-01
4.920945639009436e-01
4.877473076057214e-01
4.833969181062338e-01
4.790438785680737e-01
4.746886751328724e-01
4.703317968042907e-01
4.659737353299263e-01
4.616149850791581e-01
4.572560429169513e-01
4.528974080736538e-01
4.485395820108175e-01
4.441830682830877e-01
4.398283723962034e-01
4.354760016611634e-01
4.311264650446123e-01
4.267802730155114e-01
4.224379373881617e-01
4.180999711616514e-01
4.137668883558115e-01
4.094392038437600e-01
4.051174331811270e-01
4.008020924320587e-01
3.964936979920978e-01
3.921927664080511e-01
3.878998141949551e-01
3.836153576502563e-01
3.793399126653307e-01
3.750739945344706e-01
3.708181177614698e-01
3.665727958639468e-01
3.623385411755484e-01
3.581158646461819e-01
3.539052756404249e-01
3.497072817342730e-01
3.455223885103832e-01
3.413510993519782e-01
3.371939152355806e-01
3.330513345227486e-01
3.289238527509888e-01
3.248119624240248e-01
3.207161528016044e-01
3.166369096890295e-01
3.125747152265958e-01
3.085300476791332e-01
3.045033812258379e-01
3.004951857505908e-01
2.965059266329562e-01
2.925360645400608e-01
2.885860552195469e-01
2.846563492938026e-01
2.807473920556653e-01
2.768596232658009e-01
2.729934769519566e-01
2.691493812102871e-01
2.653277580089546e-01
2.615290229941991e-01
2.577535852990766e-01
2.540018473550619e-01
2.502742047067072e-01
2.465710458295523e-01
2.428927519514724e-01
2.392396968776529e-01
2.356122468193753e-01
2.320107602267940e-01
2.284355876258828e-01
2.248870714597259e-01
2.213655459343215e-01
2.178713368690657e-01
2.144047615520776e-01
2.109661286005218e-01
2.075557378260810e-01
2.041738801057243e-01
2.008208372579129e-01
1.974968819243785e-01
1.942022774576037e-01
1.909372778141278e-01
1.877021274537960e-01
1.844970612450605e-01
1.813223043764408e-01
1.781780722742362e-01
1.750645705265851e-01
1.719819948139500e-01
1.689305308461065e-01
1.659103543057040e-01
1.629216307984586e-01
1.599645158100311e-01
1.570391546696370e-01
1.541456825204241e-01
1.512842242966495e-01
1.484548947076771e-01
1.456577982288093e-01
1.428930290989599e-01
1.401606713251659e-01
1.374607986939285e-01
1.347934747893650e-01
1.321587530181473e-01
1.295566766411920e-01
1.269872788120619e-01
1.244505826220296e-01
1.219466011517457e-01
1.194753375294486e-01
1.170367849956435e-01
1.146309269741711e-01
1.122577371495810e-01
1.099171795507149e-01
1.076092086404007e-01
1.053337694111496e-01
1.030907974867430e-01
1.008802192295890e-01
9.870195185372266e-02
9.655590354331706e-02
9.444197357656844e-02
9.236005245481070e-02
9.031002203671089e-02
8.829175567739182e-02
8.630511837232263e-02
8.434996690581448e-02
8.242615000395290e-02
8.053350849179547e-02
7.867187545465899e-02
7.684107640331693e-02
7.504092944292487e-02
7.327124544548820e-02
7.153182822568412e-02
6.982247471984754e-02
6.814297516792787e-02
6.649311329822231e-02
6.487266651468966e-02
6.328140608664715e-02
6.171909734065204e-02
6.018549985436909e-02
5.868036765222427e-02
5.720344940264534e-02
5.575448861668997e-02
5.433322384786235e-02
5.293938889292026e-02
5.157271299347527e-02
5.023292103819018e-02
4.891973376537918e-02
4.763286796581837e-02
4.637203668557550e-02
4.513694942867119e-02
4.392731235938510e-02
4.274282850402460e-02
4.158319795197524e-02
4.044811805585641e-02
3.933728363060844e-02
3.825038715134105e-02
3.718711894977712e-02
3.614716740912931e-02
3.513021915725159e-02
3.413595925791152e-02
3.316407140003422e-02
3.221423808477297e-02
3.128614081026647e-02
3.037946025394752e-02
2.949387645227285e-02
2.862906897774896e-02
2.778471711313390e-02
2.696050002270027e-02
2.615609692045015e-02
2.537118723517773e-02
2.460545077228126e-02
2.385856787223120e-02
2.313021956560707e-02
2.242008772462110e-02
2.172785521105218e-02
2.105320602051948e-02
2.039582542303054e-02
1.975540009974406e-02
1.913161827589355e-02
1.852416984982316e-02
1.793274651809269e-02
1.735704189661424e-02
1.679675163778823e-02
1.625157354361190e-02
1.572120767473875e-02
1.520535645547248e-02
1.470372477468398e-02
1.421602008264523e-02
1.374195248377858e-02
1.328123482532482e-02
1.283358278193827e-02
1.239871493622137e-02
1.197635285521624e-02
1.156622116287441e-02
1.116804760853070e-02
1.078156313141104e-02
1.040650192120786e-02
1.004260147476088e-02
9.689602648884386e-03
9.347249709385884e-03
9.015290376324318e-03
8.693475865559207e-03
8.381560926645255e-03
8.079303877129825e-03
7.786466633313492e-03
7.502814737536491e-03
7.228117382056332e-03
6.962147429584231e-03
6.704681430550060e-03
6.455499637167619e-03
6.214386014373827e-03
5.981128247717151e-03
5.755517748272116e-03
5.537349654658193e-03
5.326422832242521e-03
5.122539869607115e-03
4.925507072362099e-03
4.735134454387375e-03
4.551235726585790e-03
4.373628283231395e-03
4.202133185996847e-03
4.036575145744233e-03
3.876782502163786e-03
3.722587201344960e-03
3.573824771364291e-03
3.430334295974214e-03
3.291958386476710e-03
3.158543151865240e-03
3.029938167317887e-03
2.905996441123979e-03
2.786574380125772e-03
2.671531753755908e-03
2.560731656750517e-03
2.454040470616773e-03
2.351327823932706e-03
2.252466551555866e-03
2.157332652816293e-03
2.065805248767879e-03
1.977766538570940e-03
1.893101755077370e-03
1.811699119688286e-03
1.733449796552619e-03
1.658247846173480e-03
1.585990178487599e-03
1.516576505481478e-03
1.449909293406228e-03
1.385893714651386e-03
1.324437599336271e-03
1.265451386675709e-03
1.208848076175192e-03
1.154543178708756e-03
1.102454667531091e-03
1.052502929273587e-03
1.004610714972229e-03
9.587030911734516e-04
9.147073911622648e-04
8.725531663551674e-04
8.321721378985763e-04
7.934981485117195e-04
7.564671146111804e-04
7.210169787525218e-04
6.870876624226927e-04
6.546210192151980e-04
6.235607884183230e-04
5.938525490450340e-04
5.654436743315265e-04
5.382832867297850e-04
5.123222134179158e-04
4.875129423504674e-04
4.638095788694162e-04
4.411678028950065e-04
4.195448267141680e-04
3.988993533828137e-04
3.791915357569233e-04
3.603829361659719e-04
3.424364867409432e-04
3.253164504078897e-04
3.089883825567657e-04
2.934190933940565e-04
2.785766109865695e-04
2.644301450026325e-04
2.509500511558631e-04
2.381077963556354e-04
2.258759245673694e-04
2.142280233848090e-04
2.031386913155373e-04
1.925835057800955e-04
1.825389918242352e-04
1.729825915430321e-04
1.638926342148277e-04
1.552483071422463e-04
1.470296271968457e-04
1.392174130633168e-04
1.317932581785381e-04
1.247395043602180e-04
1.180392161193177e-04
1.116761556499534e-04
1.056347584900025e-04
9.990010984520874e-05
9.445792156918412e-05
8.929450979133133e-05
8.439677318438222e-05
7.975217186293821e-05
7.534870690412516e-05
7.117490048123025e-05
6.721977660096989e-05
6.347284243484919e-05
5.992407023490961e-05
5.656387982402460e-05
5.338312165079076e-05
5.037306039897392e-05
4.752535914140472e-05
4.483206402817618e-05
4.228558949897480e-05
3.987870400937695e-05
3.760451626096245e-05
3.545646192513668e-05
3.342829085060989e-05
3.151405474455831e-05
2.970809531758327e-05
2.800503288269339e-05
2.639975539865815e-05
2.488740794822010e-05
2.346338264180463e-05
2.212330893753251e-05
2.086304436851835e-05
1.967866566862846e-05
1.856646028807315e-05
1.752291829042116e-05
1.654472462284604e-05
1.562875175164679e-05
1.477205265532612e-05
1.397185416775947e-05
1.322555066424549e-05
1.253069808349420e-05
1.188500827888117e-05
1.128634369257481e-05
1.073271234642933e-05
1.022226314382610e-05
9.753281476942713e-06
9.324185134229808e-06
8.933520503181294e-06
8.579959063793518e-06
8.262294168422396e-06
7.979438104064781e-06
7.730419433410615e-06
7.514380611335703e-06
7.330575873830799e-06
7.178369396690767e-06
7.057233721617849e-06
6.966748447724927e-06
6.906599186758149e-06
6.876576780692922e-06
