1.753242885958550e-06
6.264617492107385e-06
2.093379299356022e-05
6.502658094283728e-05
1.990411019843711e-04
5.612214284763306e-04
1.551845795605120e-03
3.892859392539159e-03
9.498002587709383e-03
2.070692781160318e-02
4.323353518005200e-02
7.959074104214700e-02
1.363876864520628e-01
2.060318658627880e-01
2.803966538697827e-01
3.539102866860312e-01
4.234623846714962e-01
4.869095244177051e-01
5.427326716102092e-01
5.897940253178372e-01
6.272276077118685e-01
6.543823820920802e-01
6.707990601930116e-01
6.762035878087643e-01
6.705060884175779e-01
6.538009269810070e-01
6.263663778749843e-01
5.886652176023378e-01
5.413522408489558e-01
4.853004776439201e-01
4.216742372512057e-01
3.520894682284607e-01
2.788879171539616e-01
2.056351354231140e-01
1.371453584763505e-01
8.019792906003521e-02
3.912856193309826e-02
1.845962699620445e-02
8.255293640070913e-03
3.677594863050169e-03
1.486496701333174e-03
5.870202374456452e-04
2.107613427560301e-04
7.424986875943084e-05
2.410192409521246e-05
7.708817449096865e-06
2.306073407301274e-06
7.047147191597303e-07
2.625081263253043e-07
1.561214580149330e-07
