4.785996004302088e-06
4.965465630078718e-06
5.164689860925154e-06
5.384581315679929e-06
5.626096242954490e-06
5.890256837888692e-06
6.178153893586872e-06
6.490950487377763e-06
6.829885733890530e-06
7.196278690812131e-06
7.591532415352830e-06
8.017138181666264e-06
8.474679868013878e-06
8.965838522646170e-06
9.492397117416774e-06
1.005624549820747e-05
1.065938554131095e-05
1.130393652499404e-05
1.199214072554604e-05
1.272636924720427e-05
1.350912809544133e-05
1.434306450319506e-05
1.523097351972205e-05
1.617580487185841e-05
1.718067010757610e-05
1.824885003182913e-05
1.938380244479069e-05
2.058917019268831e-05
2.186878954154971e-05
2.322669888427577e-05
2.466714779155756e-05
2.619460641725278e-05
2.781377526892987e-05
2.952959535437697e-05
3.134725871495533e-05
3.327221935675294e-05
3.531020459056237e-05
3.746722679176693e-05
3.974959559126978e-05
4.216393050864102e-05
4.471717403868722e-05
4.741660520266464e-05
5.026985357536218e-05
5.328491379926963e-05
5.647016059702293e-05
5.983436429327708e-05
6.338670685710051e-05
6.713679847590957e-05
7.109469467186801e-05
7.527091397156319e-05
7.967645613963624e-05
8.432282098688828e-05
8.922202776320609e-05
9.438663514544855e-05
9.982976183020968e-05
1.055651077411210e-04
1.116069758600785e-04
1.179702946914743e-04
1.246706413681768e-04
1.317242654076433e-04
1.391481131261539e-04
1.469598527187310e-04
1.551779000118548e-04
1.638214448955949e-04
1.729104784412569e-04
1.824658207100887e-04
1.925091492579961e-04
2.030630283405971e-04
2.141509388222760e-04
2.257973087922036e-04
2.380275448895501e-04
2.508680643393460e-04
2.643463276996305e-04
2.784908723196788e-04
2.933313465082067e-04
3.088985444095228e-04
3.252244415846310e-04
3.423422312932729e-04
3.602863614718564e-04
3.790925724011269e-04
3.987979350563077e-04
4.194408901312737e-04
4.410612877271127e-04
4.637004276941847e-04
4.874011006155084e-04
5.122076294179790e-04
5.381659115965674e-04
5.653234620352528e-04
5.937294564070120e-04
6.234347751337232e-04
6.544920478853447e-04
6.869556985961919e-04
7.208819909745847e-04
7.563290744805308e-04
7.933570307445037e-04
8.320279203987138e-04
8.724058302906107e-04
9.145569210466487e-04
9.585494749526362e-04
1.004453944115254e-03
1.052342998867569e-03
1.102291576379615e-03
1.154376929433305e-03
1.208678675319198e-03
1.265278844810784e-03
1.324261931170210e-03
1.385714939137535e-03
1.449727433853798e-03
1.516391589666416e-03
1.585802238763619e-03
1.658056919582854e-03
1.733255924936348e-03
1.811502349795258e-03
1.892902138672124e-03
1.977564132539657e-03
2.065600115222210e-03
2.157124859194658e-03
2.252256170721843e-03
2.351114934270131e-03
2.453825156121197e-03
2.560514007116621e-03
2.671311864460545e-03
2.786352352506239e-03
2.905772382451179e-03
3.029712190864016e-03
3.158315376965646e-03
3.291728938585578e-03
3.430103306713724e-03
3.573592378566920e-03
3.722353549088590e-03
3.876547740799294e-03
4.036339431915240e-03
4.201896682651314e-03
4.373391159624778e-03
4.550998158275434e-03
4.734896623217891e-03
4.925269166441427e-03
5.122302083273034e-03
5.326185366019335e-03
5.537112715203378e-03
5.755281548312686e-03
5.980893005975548e-03
6.214151955483141e-03
6.455266991575942e-03
6.704450434413856e-03
6.961918324650532e-03
7.227890415533660e-03
7.502590161954404e-03
7.786244706370652e-03
8.079084861530533e-03
8.381345089924412e-03
8.693263479895659e-03
9.015081718342604e-03
9.347045059946393e-03
9.689402292861976e-03
1.004240570081203e-02
1.040631102152641e-02
1.078137740147271e-02
1.116786734682646e-02
1.156604667063287e-02
1.197618443611532e-02
1.239855289608934e-02
1.283342742844456e-02
1.328108646766074e-02
1.374181143232828e-02
1.421588664864725e-02
1.470359926988369e-02
1.520523919176582e-02
1.572109896380761e-02
1.625147369655158e-02
1.679666096472749e-02
1.735696070632831e-02
1.793267511760976e-02
1.852410854402489e-02
1.913156736711011e-02
1.975535988734426e-02
2.039579620300762e-02
2.105318808507323e-02
2.172784884816783e-02
2.242009321764587e-02
2.313023719282477e-02
2.385859790643571e-02
2.460549348034960e-02
2.537124287764322e-02
2.615616575107660e-02
2.696058228805778e-02
2.778481305217704e-02
2.862917882139808e-02
2.949400042299920e-02
3.037959856536309e-02
3.128629366671908e-02
3.221440568094756e-02
3.316425392056099e-02
3.413615687698175e-02
3.513043203824184e-02
3.614739570423474e-02
3.718736279965475e-02
3.825064668476368e-02
3.933755896412983e-02
4.044840929348865e-02
4.158350518487888e-02
4.274315181021229e-02
4.392765180343928e-02
4.513730506147677e-02
4.637240854406788e-02
4.763325607274757e-02
4.892013812909073e-02
5.023334165242309e-02
5.157314983717802e-02
5.293984193008491e-02
5.433369302737760e-02
5.575497387221350e-02
5.720395065249578e-02
5.868088479929335e-02
6.018603278605426e-02
6.171964592880987e-02
6.328197018756793e-02
6.487324596909329e-02
6.649370793127576e-02
6.814358478928452e-02
6.982309912370840e-02
7.153246719088105e-02
7.327189873558922e-02
7.504159680636163e-02
7.684175757353422e-02
7.867257015028631e-02
8.053421641684064e-02
8.242687084801725e-02
8.435070034432983e-02
8.630586406680953e-02
8.829251327573899e-02
9.031079117347544e-02
9.236083275153864e-02
9.444276464213550e-02
9.655670497428893e-02
9.870276323473452e-02
1.008810401337435e-01
1.030916274760264e-01
1.053346080368656e-01
1.076100554436208e-01
1.099180340627453e-01
1.122585988924448e-01
1.146317954611056e-01
1.170376597316111e-01
1.194762180116613e-01
1.219474868702021e-01
1.244514730600634e-01
1.269881734469013e-01
1.295575749445285e-01
1.321596544567145e-01
1.347943788255243e-01
1.374617047862627e-01
1.401615789290788e-01
1.428939376672808e-01
1.456587072124024e-01
1.484558035560534e-01
1.512851324585813e-01
1.541465894445608e-01
1.570400598051210e-01
1.599654186071132e-01
1.629225307091111e-01
1.659112507842319e-01
1.689314233497541e-01
1.719828828035032e-01
1.750654534669681e-01
1.781789496351014e-01
1.813231756327509e-01
1.844979258776627e-01
1.877029849499858e-01
1.909381276682036e-01
1.942031191714090e-01
1.974977150078331e-01
2.008216612295305e-01
2.041746944931168e-01
2.075565421664484e-01
2.109669224411263e-01
2.144055444507028e-01
2.178721083944586e-01
2.213663056666173e-01
2.248878189908553e-01
2.284363225599607e-01
2.320114821804894e-01
2.356129554222619e-01
2.392403917725396e-01
2.428934327947137e-01
2.465717122913383e-01
2.502748564713322e-01
2.540024841211719e-01
2.577542067798957e-01
2.615296289177333e-01
2.653283481181752e-01
2.691499552632902e-01
2.729940347221020e-01
2.768601645418286e-01
2.807479166417891e-01
2.846568570097827e-01
2.885865459007401e-01
2.925365380374483e-01
2.965063828131507e-01
3.004956244958214e-01
3.045038024339141e-01
3.085304512633874e-01
3.125751011158058e-01
3.166372778273205e-01
3.207165031483309e-01
3.248122949536330e-01
3.289241674528603e-01
3.330516314010251e-01
3.371941943089704e-01
3.413513606535462e-01
3.455226320873227e-01
3.497075076476616e-01
3.539054839649645e-01
3.581160554699241e-01
3.623387145996046e-01
3.665729520021850e-01
3.708182567401984e-01
3.750741164921090e-01
3.793400177520687e-01
3.836154460277026e-01
3.878998860357757e-01
3.921928218955972e-01
3.964937373200256e-01
4.008021158039418e-01
4.051174408100602e-01
4.094391959519573e-01
4.137668651741991e-01
4.180999329294537e-01
4.224378843524855e-01
4.267802054309246e-01
4.311263831727206e-01
4.354759057701856e-01
4.398282627605445e-01
4.441829451829119e-01
4.485394457316210e-01
4.528972589058388e-01
4.572558811554012e-01
4.616148110228152e-01
4.659735492813718e-01
4.703315990693286e-01
4.746884660201173e-01
4.790436583885428e-01
4.833966871729449e-01
4.877470662332957e-01
4.920943124052157e-01
4.964379456098936e-01
5.007774889598996e-01
5.051124688608902e-01
5.094424151092033e-01
5.137668609853502e-01
5.180853433434152e-01
5.223974026963746e-01
5.267025832973578e-01
5.310004332168721e-01
5.352905044160180e-01
5.395723528157284e-01
5.438455383620654e-01
5.481096250876153e-01
5.523641811690233e-01
5.566087789807149e-01
5.608429951448539e-01
5.650664105775879e-01
5.692786105316403e-01
5.734791846353035e-01
5.776677269278969e-01
5.818438358917545e-01
5.860071144808039e-01
5.901571701458111e-01
5.942936148563568e-01
5.984160651196188e-01
6.025241419960347e-01
6.066174711119201e-01
6.106956826691198e-01
6.147584114517716e-01
6.188052968302604e-01
6.228359827624463e-01
6.268501177922459e-01
6.308473550456504e-01
6.348273522242635e-01
6.387897715964440e-01
6.427342799861341e-01
6.466605487594596e-01
6.505682538091874e-01
6.544570755371205e-01
6.583266988345201e-01
6.621768130606326e-01
6.660071120194100e-01
6.698172939345046e-01
6.736070614226191e-01
6.773761214652967e-01
6.811241853792294e-01
6.848509687851669e-01
6.885561915755037e-01
6.922395778806224e-01
6.959008560340716e-01
6.995397585366526e-01
7.031560220194917e-01
7.067493872061680e-01
7.103195988739719e-01
7.138664058143629e-01
7.173895607926966e-01
7.208888205072870e-01
7.243639455478718e-01
7.278147003535441e-01
7.312408531702124e-01
7.346421760076510e-01
7.380184445962005e-01
7.413694383431728e-01
7.446949402890214e-01
7.479947370633255e-01
7.512686188406454e-01
7.545163792962951e-01
7.577378155620836e-01
7.609327281820711e-01
7.641009210683840e-01
7.672422014571338e-01
7.703563798644798e-01
7.734432700428761e-01
7.765026889375405e-01
7.795344566431823e-01
7.825383963610212e-01
7.855143343561320e-01
7.884620999151472e-01
7.913815253043418e-01
7.942724457281344e-01
7.971346992880258e-01
7.999681269420016e-01
8.027725724644207e-01
8.055478824064132e-01
8.082939060568035e-01
8.110104954035813e-01
8.136975050959340e-01
8.163547924068574e-01
8.189822171963599e-01
8.215796418752693e-01
8.241469313696593e-01
8.266839530858996e-01
8.291905768763437e-01
8.316666750056597e-01
8.341121221178109e-01
8.365267952036929e-01
8.389105735694296e-01
8.412633388053351e-01
8.435849747555404e-01
8.458753674882883e-01
8.481344052668968e-01
8.503619785213917e-01
8.525579798208062e-01
8.547223038461450e-01
8.568548473640144e-01
8.589555092009095e-01
8.610241902181593e-01
8.630607932875232e-01
8.650652232674326e-01
8.670373869798764e-01
8.689771931879184e-01
8.708845525738440e-01
8.727593777179288e-01
8.746015830778189e-01
8.764110849685190e-01
8.781878015429769e-01
8.799316527732569e-01
8.816425604322934e-01
8.833204480762166e-01
8.849652410272384e-01
8.865768663570918e-01
8.881552528710123e-01
8.897003310922523e-01
8.912120332471181e-01
8.926902932505199e-01
8.941350466920241e-01
8.955462308223989e-01
8.969237845406409e-01
8.982676483814751e-01
8.995777645033157e-01
9.008540766766794e-01
9.020965302730403e-01
9.033050722541157e-01
9.044796511615745e-01
9.056202171071567e-01
9.067267217631950e-01
9.077991183535301e-01
9.088373616448071e-01
9.098414079381478e-01
9.108112150611860e-01
9.117467423604595e-01
9.126479506941492e-01
9.135148024251566e-01
9.143472614145117e-01
9.151452930151035e-01
9.159088640657242e-01
9.166379428854214e-01
9.173324992681489e-01
9.179925044777114e-01
9.186179312429943e-01
9.192087537534726e-01
9.197649476549942e-01
9.202864900458293e-01
9.207733594729829e-01
9.212255359287626e-01
9.216430008475984e-01
9.220257371031100e-01
9.223737290054153e-01
9.226869622986786e-01
9.229654241588933e-01
9.232091031918949e-01
9.234179894316045e-01
9.235920743384959e-01
9.237313507982875e-01
9.238358131208544e-01
9.239054570393602e-01
9.239402797096083e-01
9.239402797096083e-01
9.239054570393602e-01
9.238358131208544e-01
9.237313507982875e-01
9.235920743384959e-01
9.234179894316045e-01
9.232091031918949e-01
9.229654241588933e-01
9.226869622986786e-01
9.223737290054153e-01
9.220257371031100e-01
9.216430008475984e-01
9.212255359287626e-01
9.207733594729829e-01
9.202864900458293e-01
9.197649476549942e-01
9.192087537534726e-01
9.186179312429943e-01
9.179925044777114e-01
9.173324992681489e-01
9.166379428854214e-01
9.159088640657242e-01
9.151452930151035e-01
9.143472614145117e-01
9.135148024251566e-01
9.126479506941492e-01
9.117467423604595e-01
9.108112150611860e-01
9.098414079381478e-01
9.088373616448071e-01
9.077991183535301e-01
9.067267217631950e-01
9.056202171071567e-01
9.044796511615745e-01
9.033050722541157e-01
9.020965302730403e-01
9.008540766766794e-01
8.995777645033157e-01
8.982676483814751e-01
8.969237845406409e-01
8.955462308223989e-01
8.941350466920241e-01
8.926902932505199e-01
8.912120332471181e-01
8.897003310922523e-01
8.881552528710123e-01
8.865768663570918e-01
8.849652410272384e-01
8.833204480762166e-01
8.816425604322934e-01
8.799316527732569e-01
8.781878015429769e-01
8.764110849685190e-01
8.746015830778189e-01
8.727593777179288e-01
8.708845525738440e-01
8.689771931879184e-01
8.670373869798764e-01
8.650652232674326e-01
8.630607932875232e-01
8.610241902181593e-01
8.589555092009095e-01
8.568548473640144e-01
8.547223038461450e-01
8.525579798208062e-01
8.503619785213917e-01
8.481344052668968e-01
8.458753674882883e-01
8.435849747555404e-01
8.412633388053351e-01
8.389105735694296e-01
8.365267952036929e-01
8.341121221178109e-01
8.316666750056597e-01
8.291905768763437e-01
8.266839530858996e-01
8.241469313696593e-01
8.215796418752693e-01
8.189822171963599e-01
8.163547924068574e-01
8.136975050959340e-01
8.110104954035813e-01
8.082939060568035e-01
8.055478824064132e-01
8.027725724644207e-01
7.999681269420016e-01
7.971346992880258e-01
7.942724457281344e-01
7.913815253043418e-01
7.884620999151472e-01
7.855143343561320e-01
7.825383963610212e-01
7.795344566431823e-01
7.765026889375405e-01
7.734432700428761e-01
7.703563798644798e-01
7.672422014571338e-01
7.641009210683840e-01
7.609327281820711e-01
7.577378155620836e-01
7.545163792962951e-01
7.512686188406454e-01
7.479947370633255e-01
7.446949402890214e-01
7.413694383431728e-01
7.380184445962005e-01
7.346421760076510e-01
7.312408531702124e-01
7.278147003535441e-01
7.243639455478718e-01
7.208888205072870e-01
7.173895607926966e-01
7.138664058143629e-01
7.103195988739719e-01
7.067493872061680e-01
7.031560220194917e-01
6.995397585366526e-01
6.959008560340716e-01
6.922395778806224e-01
6.885561915755037e-01
6.848509687851669e-01
6.811241853792294e-01
6.773761214652967e-01
6.736070614226192e-01
6.698172939345047e-01
6.660071120194101e-01
6.621768130606327e-01
6.583266988345202e-01
6.544570755371206e-01
6.505682538091875e-01
6.466605487594597e-01
6.427342799861342e-01
6.387897715964441e-01
6.348273522242636e-01
6.308473550456505e-01
6.268501177922460e-01
6.228359827624464e-01
6.188052968302605e-01
6.147584114517717e-01
6.106956826691199e-01
6.066174711119202e-01
6.025241419960348e-01
5.984160651196189e-01
5.942936148563569e-01
5.901571701458113e-01
5.860071144808040e-01
5.818438358917545e-01
5.776677269278970e-01
5.734791846353035e-01
5.692786105316404e-01
5.650664105775880e-01
5.608429951448540e-01
5.566087789807150e-01
5.523641811690234e-01
5.481096250876154e-01
5.438455383620655e-01
5.395723528157285e-01
5.352905044160181e-01
5.310004332168722e-01
5.267025832973579e-01
5.223974026963747e-01
5.180853433434153e-01
5.137668609853503e-01
5.094424151092034e-01
5.051124688608903e-01
5.007774889598997e-01
4.964379456098937e-01
4.920943124052158e-01
4.877470662332957e-01
4.833966871729450e-01
4.790436583885428e-01
4.746884660201173e-01
4.703315990693287e-01
4.659735492813719e-01
4.616148110228152e-01
4.572558811554013e-01
4.528972589058388e-01
4.485394457316211e-01
4.441829451829120e-01
4.398282627605446e-01
4.354759057701856e-01
4.311263831727206e-01
4.267802054309246e-01
4.224378843524855e-01
4.180999329294537e-01
4.137668651741990e-01
4.094391959519573e-01
4.051174408100601e-01
4.008021158039416e-01
3.964937373200255e-01
3.921928218955971e-01
3.878998860357757e-01
3.836154460277025e-01
3.793400177520685e-01
3.750741164921089e-01
3.708182567401983e-01
3.665729520021849e-01
3.623387145996045e-01
3.581160554699240e-01
3.539054839649644e-01
3.497075076476615e-01
3.455226320873226e-01
3.413513606535461e-01
3.371941943089703e-01
3.330516314010250e-01
3.289241674528602e-01
3.248122949536329e-01
3.207165031483308e-01
3.166372778273204e-01
3.125751011158057e-01
3.085304512633872e-01
3.045038024339140e-01
3.004956244958213e-01
2.965063828131506e-01
2.925365380374482e-01
2.885865459007400e-01
2.846568570097825e-01
2.807479166417889e-01
2.768601645418284e-01
2.729940347221019e-01
2.691499552632901e-01
2.653283481181750e-01
2.615296289177332e-01
2.577542067798955e-01
2.540024841211717e-01
2.502748564713321e-01
2.465717122913382e-01
2.428934327947135e-01
2.392403917725394e-01
2.356129554222618e-01
2.320114821804893e-01
2.284363225599606e-01
2.248878189908552e-01
2.213663056666172e-01
2.178721083944585e-01
2.144055444507027e-01
2.109669224411262e-01
2.075565421664483e-01
2.041746944931167e-01
2.008216612295304e-01
1.974977150078330e-01
1.942031191714089e-01
1.909381276682035e-01
1.877029849499857e-01
1.844979258776626e-01
1.813231756327508e-01
1.781789496351013e-01
1.750654534669681e-01
1.719828828035031e-01
1.689314233497540e-01
1.659112507842319e-01
1.629225307091111e-01
1.599654186071131e-01
1.570400598051210e-01
1.541465894445607e-01
1.512851324585812e-01
1.484558035560533e-01
1.456587072124023e-01
1.428939376672808e-01
1.401615789290787e-01
1.374617047862627e-01
1.347943788255243e-01
1.321596544567145e-01
1.295575749445285e-01
1.269881734469012e-01
1.244514730600634e-01
1.219474868702020e-01
1.194762180116612e-01
1.170376597316110e-01
1.146317954611055e-01
1.122585988924448e-01
1.099180340627452e-01
1.076100554436207e-01
1.053346080368655e-01
1.030916274760264e-01
1.008810401337435e-01
9.870276323473447e-02
9.655670497428888e-02
9.444276464213543e-02
9.236083275153857e-02
9.031079117347537e-02
8.829251327573892e-02
8.630586406680946e-02
8.435070034432976e-02
8.242687084801718e-02
8.053421641684057e-02
7.867257015028624e-02
7.684175757353415e-02
7.504159680636156e-02
7.327189873558915e-02
7.153246719088099e-02
6.982309912370835e-02
6.814358478928446e-02
6.649370793127569e-02
6.487324596909322e-02
6.328197018756786e-02
6.171964592880981e-02
6.018603278605419e-02
5.868088479929329e-02
5.720395065249573e-02
5.575497387221345e-02
5.433369302737755e-02
5.293984193008486e-02
5.157314983717797e-02
5.023334165242304e-02
4.892013812909068e-02
4.763325607274752e-02
4.637240854406783e-02
4.513730506147672e-02
4.392765180343923e-02
4.274315181021224e-02
4.158350518487883e-02
4.044840929348861e-02
3.933755896412978e-02
3.825064668476364e-02
3.718736279965472e-02
3.614739570423471e-02
3.513043203824181e-02
3.413615687698172e-02
3.316425392056097e-02
3.221440568094753e-02
3.128629366671905e-02
3.037959856536306e-02
2.949400042299918e-02
2.862917882139806e-02
2.778481305217701e-02
2.696058228805776e-02
2.615616575107658e-02
2.537124287764320e-02
2.460549348034958e-02
2.385859790643570e-02
2.313023719282475e-02
2.242009321764586e-02
2.172784884816782e-02
2.105318808507321e-02
2.039579620300761e-02
1.975535988734424e-02
1.913156736711009e-02
1.852410854402487e-02
1.793267511760974e-02
1.735696070632830e-02
1.679666096472748e-02
1.625147369655156e-02
1.572109896380759e-02
1.520523919176581e-02
1.470359926988368e-02
1.421588664864724e-02
1.374181143232826e-02
1.328108646766073e-02
1.283342742844454e-02
1.239855289608933e-02
1.197618443611531e-02
1.156604667063286e-02
1.116786734682645e-02
1.078137740147270e-02
1.040631102152640e-02
1.004240570081202e-02
9.689402292861969e-03
9.347045059946386e-03
9.015081718342598e-03
8.693263479895654e-03
8.381345089924407e-03
8.079084861530528e-03
7.786244706370647e-03
7.502590161954399e-03
7.227890415533656e-03
6.961918324650528e-03
6.704450434413853e-03
6.455266991575939e-03
6.214151955483137e-03
5.980893005975546e-03
5.755281548312684e-03
5.537112715203376e-03
5.326185366019334e-03
5.122302083273031e-03
4.925269166441424e-03
4.734896623217889e-03
4.550998158275432e-03
4.373391159624776e-03
4.201896682651312e-03
4.036339431915239e-03
3.876547740799293e-03
3.722353549088588e-03
3.573592378566919e-03
3.430103306713723e-03
3.291728938585577e-03
3.158315376965645e-03
3.029712190864014e-03
2.905772382451178e-03
2.786352352506237e-03
2.671311864460544e-03
2.560514007116620e-03
2.453825156121196e-03
2.351114934270130e-03
2.252256170721841e-03
2.157124859194658e-03
2.065600115222209e-03
1.977564132539657e-03
1.892902138672123e-03
1.811502349795257e-03
1.733255924936347e-03
1.658056919582853e-03
1.585802238763618e-03
1.516391589666415e-03
1.449727433853797e-03
1.385714939137534e-03
1.324261931170209e-03
1.265278844810783e-03
1.208678675319197e-03
1.154376929433305e-03
1.102291576379614e-03
1.052342998867569e-03
1.004453944115253e-03
9.585494749526357e-04
9.145569210466481e-04
8.724058302906101e-04
8.320279203987132e-04
7.933570307445031e-04
7.563290744805304e-04
7.208819909745842e-04
6.869556985961916e-04
6.544920478853444e-04
6.234347751337229e-04
5.937294564070118e-04
5.653234620352526e-04
5.381659115965672e-04
5.122076294179788e-04
4.874011006155082e-04
4.637004276941845e-04
4.410612877271125e-04
4.194408901312736e-04
3.987979350563076e-04
3.790925724011268e-04
3.602863614718563e-04
3.423422312932728e-04
3.252244415846309e-04
3.088985444095227e-04
2.933313465082066e-04
2.784908723196787e-04
2.643463276996304e-04
2.508680643393459e-04
2.380275448895500e-04
2.257973087922035e-04
2.141509388222759e-04
2.030630283405969e-04
1.925091492579960e-04
1.824658207100886e-04
1.729104784412568e-04
1.638214448955948e-04
1.551779000118547e-04
1.469598527187309e-04
1.391481131261538e-04
1.317242654076432e-04
1.246706413681767e-04
1.179702946914743e-04
1.116069758600784e-04
1.055651077411209e-04
9.982976183020960e-05
9.438663514544848e-05
8.922202776320602e-05
8.432282098688821e-05
7.967645613963617e-05
7.527091397156312e-05
7.109469467186796e-05
6.713679847590951e-05
6.338670685710047e-05
5.983436429327703e-05
5.647016059702289e-05
5.328491379926959e-05
5.026985357536214e-05
4.741660520266460e-05
4.471717403868719e-05
4.216393050864099e-05
3.974959559126976e-05
3.746722679176692e-05
3.531020459056235e-05
3.327221935675293e-05
3.134725871495532e-05
2.952959535437696e-05
2.781377526892986e-05
2.619460641725277e-05
2.466714779155755e-05
2.322669888427576e-05
2.186878954154971e-05
2.058917019268830e-05
1.938380244479068e-05
1.824885003182912e-05
1.718067010757609e-05
1.617580487185840e-05
1.523097351972204e-05
1.434306450319505e-05
1.350912809544132e-05
1.272636924720426e-05
1.199214072554603e-05
1.130393652499404e-05
1.065938554131095e-05
1.005624549820747e-05
9.492397117416772e-06
8.965838522646170e-06
8.474679868013878e-06
8.017138181666265e-06
7.591532415352834e-06
7.196278690812136e-06
6.829885733890537e-06
6.490950487377772e-06
6.178153893586883e-06
5.890256837888705e-06
5.626096242954504e-06
5.384581315679945e-06
5.164689860925172e-06
4.965465630078736e-06
4.785996004302109e-06
