6.869059340057842e-06
6.899063166932782e-06
6.959175246112418e-06
7.049604688827725e-06
7.170665813191015e-06
7.322778926658808e-06
7.506471370888046e-06
7.722378830331908e-06
7.971246906256254e-06
8.253932958191231e-06
8.571408215164499e-06
8.924760159392919e-06
9.315195185437591e-06
9.744041538153197e-06
1.021275253308578e-05
1.072291006329356e-05
1.127622839688265e-05
1.187455826986305e-05
1.251989127924029e-05
1.321436458156370e-05
1.396026590245314e-05
1.476003886292249e-05
1.561628862860863e-05
1.653178788829999e-05
1.750948316843752e-05
1.855250149053329e-05
1.966415737871708e-05
2.084796022487944e-05
2.210762201912882e-05
2.344706545352226e-05
2.487043240726068e-05
2.638209282176284e-05
2.798665397424405e-05
2.968897015862752e-05
3.149415278280648e-05
3.340758089145335e-05
3.543491212373795e-05
3.758209411546911e-05
3.985537635531213e-05
4.226132250485865e-05
4.480682319243328e-05
4.749910929061383e-05
5.034576568751714e-05
5.335474556196017e-05
5.653438517264519e-05
5.989341917153803e-05
6.344099645160834e-05
6.718669653907990e-05
7.114054654029699e-05
7.531303865324714e-05
7.971514825369347e-05
8.435835256575638e-05
8.925464992664769e-05
9.441657965509701e-05
9.985724253281996e-05
1.055903219081609e-04
1.116301054307966e-04
1.179915074261124e-04
1.246900919175580e-04
1.317420963049530e-04
1.391644557063457e-04
1.469748279706293e-04
1.551916193676842e-04
1.638340109623518e-04
1.729219856780394e-04
1.824763560552227e-04
1.925187927095370e-04
2.030718534935394e-04
2.141590133655779e-04
2.258046949685188e-04
2.380342999203615e-04
2.508742408180069e-04
2.643519739546475e-04
2.784960327504074e-04
2.933360618949770e-04
3.089028522000752e-04
3.252283761586036e-04
3.423458242063650e-04
3.602896416811743e-04
3.790955664731097e-04
3.988006673585355e-04
4.194433830093620e-04
4.410635616678138e-04
4.637025014757355e-04
4.874029914461863e-04
5.122093530637615e-04
5.381674824987224e-04
5.653248934186279e-04
5.937307603797341e-04
6.234359627789682e-04
6.544931293457848e-04
6.869566831516903e-04
7.208828871136561e-04
7.563298899660545e-04
7.933577726741355e-04
8.320285952604119e-04
8.724064440136581e-04
9.145574790485252e-04
9.585499821820684e-04
1.004454405091744e-03
1.052343417717684e-03
1.102291956870289e-03
1.154377275002401e-03
1.208678989103536e-03
1.265279129671854e-03
1.324262189717744e-03
1.385715173751112e-03
1.449727646702649e-03
1.516391782727569e-03
1.585802413838516e-03
1.658057078312574e-03
1.733256068815541e-03
1.811502480184900e-03
1.892902256811190e-03
1.977564239555803e-03
2.065600212141536e-03
2.157124946950648e-03
2.252256250163525e-03
2.351115006169548e-03
2.453825221180223e-03
2.560514065973197e-03
2.671311917694369e-03
2.786352400643961e-03
2.905772425971152e-03
3.029712230200620e-03
3.158315412513248e-03
3.291728970702129e-03
3.430103335724052e-03
3.573592404765725e-03
3.722353572743181e-03
3.876547762152079e-03
4.036339451185992e-03
4.201896700039245e-03
4.373391175310415e-03
4.550998172422341e-03
4.734896635974224e-03
4.925269177941357e-03
5.122302093638040e-03
5.326185375359381e-03
5.537112723617975e-03
5.755281555891873e-03
5.980893012800771e-03
6.214151961628057e-03
6.455266997107151e-03
6.704450439391560e-03
6.961918329129139e-03
7.227890419562331e-03
7.502590165577546e-03
7.786244709628372e-03
8.079084864459045e-03
8.381345092556404e-03
8.693263482260641e-03
9.015081720467196e-03
9.347045061854612e-03
9.689402294575482e-03
1.004240570235035e-02
1.040631102290716e-02
1.078137740271175e-02
1.116786734793809e-02
1.156604667162998e-02
1.197618443700950e-02
1.239855289689105e-02
1.283342742916320e-02
1.328108646830478e-02
1.374181143290533e-02
1.421588664916417e-02
1.470359927034665e-02
1.520523919218035e-02
1.572109896417870e-02
1.625147369688370e-02
1.679666096502469e-02
1.735696070659419e-02
1.793267511784756e-02
1.852410854423754e-02
1.913156736730022e-02
1.975535988751418e-02
2.039579620315947e-02
2.105318808520889e-02
2.172784884828901e-02
2.242009321775409e-02
2.313023719292139e-02
2.385859790652196e-02
2.460549348042657e-02
2.537124287771190e-02
2.615616575113786e-02
2.696058228811241e-02
2.778481305222575e-02
2.862917882144150e-02
2.949400042303790e-02
3.037959856539757e-02
3.128629366674979e-02
3.221440568097490e-02
3.316425392058534e-02
3.413615687700343e-02
3.513043203826113e-02
3.614739570425190e-02
3.718736279967002e-02
3.825064668477725e-02
3.933755896414189e-02
4.044840929349938e-02
4.158350518488841e-02
4.274315181022074e-02
4.392765180344679e-02
4.513730506148343e-02
4.637240854407379e-02
4.763325607275281e-02
4.892013812909538e-02
5.023334165242722e-02
5.157314983718168e-02
5.293984193008815e-02
5.433369302738048e-02
5.575497387221605e-02
5.720395065249804e-02
5.868088479929535e-02
6.018603278605601e-02
6.171964592881143e-02
6.328197018756930e-02
6.487324596909451e-02
6.649370793127685e-02
6.814358478928549e-02
6.982309912370926e-02
7.153246719088180e-02
7.327189873558988e-02
7.504159680636222e-02
7.684175757353472e-02
7.867257015028675e-02
8.053421641684104e-02
8.242687084801760e-02
8.435070034433015e-02
8.630586406680982e-02
8.829251327573925e-02
9.031079117347568e-02
9.236083275153886e-02
9.444276464213570e-02
9.655670497428913e-02
9.870276323473470e-02
1.008810401337437e-01
1.030916274760266e-01
1.053346080368657e-01
1.076100554436209e-01
1.099180340627454e-01
1.122585988924449e-01
1.146317954611057e-01
1.170376597316111e-01
1.194762180116614e-01
1.219474868702022e-01
1.244514730600635e-01
1.269881734469014e-01
1.295575749445286e-01
1.321596544567146e-01
1.347943788255244e-01
1.374617047862628e-01
1.401615789290789e-01
1.428939376672809e-01
1.456587072124025e-01
1.484558035560535e-01
1.512851324585814e-01
1.541465894445609e-01
1.570400598051211e-01
1.599654186071133e-01
1.629225307091112e-01
1.659112507842321e-01
1.689314233497542e-01
1.719828828035033e-01
1.750654534669683e-01
1.781789496351016e-01
1.813231756327510e-01
1.844979258776629e-01
1.877029849499861e-01
1.909381276682039e-01
1.942031191714093e-01
1.974977150078334e-01
2.008216612295308e-01
2.041746944931171e-01
2.075565421664486e-01
2.109669224411266e-01
2.144055444507031e-01
2.178721083944589e-01
2.213663056666176e-01
2.248878189908556e-01
2.284363225599610e-01
2.320114821804896e-01
2.356129554222621e-01
2.392403917725398e-01
2.428934327947138e-01
2.465717122913385e-01
2.502748564713323e-01
2.540024841211720e-01
2.577542067798959e-01
2.615296289177336e-01
2.653283481181754e-01
2.691499552632904e-01
2.729940347221022e-01
2.768601645418288e-01
2.807479166417892e-01
2.846568570097829e-01
2.885865459007403e-01
2.925365380374485e-01
2.965063828131510e-01
3.004956244958216e-01
3.045038024339143e-01
3.085304512633876e-01
3.125751011158060e-01
3.166372778273207e-01
3.207165031483311e-01
3.248122949536332e-01
3.289241674528605e-01
3.330516314010252e-01
3.371941943089705e-01
3.413513606535464e-01
3.455226320873228e-01
3.497075076476617e-01
3.539054839649647e-01
3.581160554699242e-01
3.623387145996048e-01
3.665729520021851e-01
3.708182567401985e-01
3.750741164921090e-01
3.793400177520687e-01
3.836154460277026e-01
3.878998860357757e-01
3.921928218955972e-01
3.964937373200256e-01
4.008021158039418e-01
4.051174408100602e-01
4.094391959519574e-01
4.137668651741991e-01
4.180999329294538e-01
4.224378843524855e-01
4.267802054309247e-01
4.311263831727206e-01
4.354759057701856e-01
4.398282627605447e-01
4.441829451829120e-01
4.485394457316212e-01
4.528972589058389e-01
4.572558811554014e-01
4.616148110228153e-01
4.659735492813719e-01
4.703315990693288e-01
4.746884660201174e-01
4.790436583885430e-01
4.833966871729451e-01
4.877470662332959e-01
4.920943124052160e-01
4.964379456098939e-01
5.007774889598999e-01
5.051124688608905e-01
5.094424151092034e-01
5.137668609853505e-01
5.180853433434155e-01
5.223974026963749e-01
5.267025832973581e-01
5.310004332168724e-01
5.352905044160183e-01
5.395723528157286e-01
5.438455383620657e-01
5.481096250876156e-01
5.523641811690236e-01
5.566087789807151e-01
5.608429951448540e-01
5.650664105775880e-01
5.692786105316404e-01
5.734791846353036e-01
5.776677269278970e-01
5.818438358917546e-01
5.860071144808040e-01
5.901571701458114e-01
5.942936148563570e-01
5.984160651196190e-01
6.025241419960349e-01
6.066174711119203e-01
6.106956826691200e-01
6.147584114517718e-01
6.188052968302606e-01
6.228359827624466e-01
6.268501177922461e-01
6.308473550456506e-01
6.348273522242637e-01
6.387897715964442e-01
6.427342799861342e-01
6.466605487594598e-01
6.505682538091875e-01
6.544570755371207e-01
6.583266988345203e-01
6.621768130606328e-01
6.660071120194102e-01
6.698172939345048e-01
6.736070614226193e-01
6.773761214652968e-01
6.811241853792295e-01
6.848509687851672e-01
6.885561915755040e-01
6.922395778806226e-01
6.959008560340717e-01
6.995397585366527e-01
7.031560220194919e-01
7.067493872061682e-01
7.103195988739720e-01
7.138664058143630e-01
7.173895607926967e-01
7.208888205072870e-01
7.243639455478718e-01
7.278147003535441e-01
7.312408531702125e-01
7.346421760076511e-01
7.380184445962006e-01
7.413694383431728e-01
7.446949402890214e-01
7.479947370633255e-01
7.512686188406453e-01
7.545163792962950e-01
7.577378155620836e-01
7.609327281820711e-01
7.641009210683839e-01
7.672422014571337e-01
7.703563798644796e-01
7.734432700428758e-01
7.765026889375403e-01
7.795344566431821e-01
7.825383963610210e-01
7.855143343561318e-01
7.884620999151469e-01
7.913815253043416e-01
7.942724457281342e-01
7.971346992880256e-01
7.999681269420013e-01
8.027725724644204e-01
8.055478824064128e-01
8.082939060568032e-01
8.110104954035809e-01
8.136975050959336e-01
8.163547924068570e-01
8.189822171963593e-01
8.215796418752688e-01
8.241469313696588e-01
8.266839530858990e-01
8.291905768763431e-01
8.316666750056592e-01
8.341121221178104e-01
8.365267952036922e-01
8.389105735694290e-01
8.412633388053345e-01
8.435849747555400e-01
8.458753674882877e-01
8.481344052668963e-01
8.503619785213914e-01
8.525579798208057e-01
8.547223038461446e-01
8.568548473640140e-01
8.589555092009090e-01
8.610241902181589e-01
8.630607932875226e-01
8.650652232674320e-01
8.670373869798758e-01
8.689771931879178e-01
8.708845525738433e-01
8.727593777179281e-01
8.746015830778182e-01
8.764110849685184e-01
8.781878015429764e-01
8.799316527732562e-01
8.816425604322928e-01
8.833204480762160e-01
8.849652410272378e-01
8.865768663570912e-01
8.881552528710117e-01
8.897003310922517e-01
8.912120332471174e-01
8.926902932505192e-01
8.941350466920234e-01
8.955462308223981e-01
8.969237845406401e-01
8.982676483814742e-01
8.995777645033148e-01
9.008540766766786e-01
9.020965302730396e-01
9.033050722541150e-01
9.044796511615738e-01
9.056202171071559e-01
9.067267217631944e-01
9.077991183535293e-01
9.088373616448064e-01
9.098414079381473e-01
9.108112150611853e-01
9.117467423604588e-01
9.126479506941485e-01
9.135148024251559e-01
9.143472614145111e-01
9.151452930151028e-01
9.159088640657235e-01
9.166379428854207e-01
9.173324992681481e-01
9.179925044777106e-01
9.186179312429935e-01
9.192087537534718e-01
9.197649476549933e-01
9.202864900458284e-01
9.207733594729820e-01
9.212255359287616e-01
9.216430008475975e-01
9.220257371031090e-01
9.223737290054143e-01
9.226869622986776e-01
9.229654241588923e-01
9.232091031918939e-01
9.234179894316035e-01
9.235920743384949e-01
9.237313507982865e-01
9.238358131208533e-01
9.239054570393592e-01
9.239402797096075e-01
9.239402797096075e-01
9.239054570393593e-01
9.238358131208534e-01
9.237313507982866e-01
9.235920743384950e-01
9.234179894316036e-01
9.232091031918940e-01
9.229654241588924e-01
9.226869622986777e-01
9.223737290054144e-01
9.220257371031091e-01
9.216430008475976e-01
9.212255359287617e-01
9.207733594729821e-01
9.202864900458285e-01
9.197649476549934e-01
9.192087537534719e-01
9.186179312429936e-01
9.179925044777107e-01
9.173324992681482e-01
9.166379428854208e-01
9.159088640657236e-01
9.151452930151029e-01
9.143472614145112e-01
9.135148024251560e-01
9.126479506941486e-01
9.117467423604589e-01
9.108112150611855e-01
9.098414079381474e-01
9.088373616448066e-01
9.077991183535294e-01
9.067267217631945e-01
9.056202171071560e-01
9.044796511615739e-01
9.033050722541152e-01
9.020965302730397e-01
9.008540766766787e-01
8.995777645033149e-01
8.982676483814743e-01
8.969237845406403e-01
8.955462308223983e-01
8.941350466920235e-01
8.926902932505193e-01
8.912120332471175e-01
8.897003310922518e-01
8.881552528710118e-01
8.865768663570913e-01
8.849652410272379e-01
8.833204480762161e-01
8.816425604322929e-01
8.799316527732564e-01
8.781878015429765e-01
8.764110849685185e-01
8.746015830778183e-01
8.727593777179282e-01
8.708845525738435e-01
8.689771931879179e-01
8.670373869798759e-01
8.650652232674321e-01
8.630607932875227e-01
8.610241902181590e-01
8.589555092009091e-01
8.568548473640141e-01
8.547223038461447e-01
8.525579798208058e-01
8.503619785213915e-01
8.481344052668964e-01
8.458753674882878e-01
8.435849747555401e-01
8.412633388053347e-01
8.389105735694291e-01
8.365267952036923e-01
8.341121221178105e-01
8.316666750056593e-01
8.291905768763432e-01
8.266839530858991e-01
8.241469313696589e-01
8.215796418752689e-01
8.189822171963594e-01
8.163547924068572e-01
8.136975050959337e-01
8.110104954035811e-01
8.082939060568033e-01
8.055478824064130e-01
8.027725724644205e-01
7.999681269420014e-01
7.971346992880257e-01
7.942724457281343e-01
7.913815253043417e-01
7.884620999151470e-01
7.855143343561319e-01
7.825383963610211e-01
7.795344566431822e-01
7.765026889375404e-01
7.734432700428759e-01
7.703563798644797e-01
7.672422014571338e-01
7.641009210683840e-01
7.609327281820712e-01
7.577378155620837e-01
7.545163792962951e-01
7.512686188406454e-01
7.479947370633256e-01
7.446949402890215e-01
7.413694383431729e-01
7.380184445962007e-01
7.346421760076512e-01
7.312408531702126e-01
7.278147003535442e-01
7.243639455478719e-01
7.208888205072871e-01
7.173895607926968e-01
7.138664058143631e-01
7.103195988739721e-01
7.067493872061683e-01
7.031560220194920e-01
6.995397585366528e-01
6.959008560340718e-01
6.922395778806227e-01
6.885561915755041e-01
6.848509687851673e-01
6.811241853792296e-01
6.773761214652969e-01
6.736070614226194e-01
6.698172939345050e-01
6.660071120194103e-01
6.621768130606329e-01
6.583266988345204e-01
6.544570755371208e-01
6.505682538091876e-01
6.466605487594599e-01
6.427342799861343e-01
6.387897715964443e-01
6.348273522242638e-01
6.308473550456507e-01
6.268501177922462e-01
6.228359827624467e-01
6.188052968302608e-01
6.147584114517719e-01
6.106956826691201e-01
6.066174711119204e-01
6.025241419960350e-01
5.984160651196191e-01
5.942936148563571e-01
5.901571701458115e-01
5.860071144808041e-01
5.818438358917547e-01
5.776677269278971e-01
5.734791846353037e-01
5.692786105316405e-01
5.650664105775881e-01
5.608429951448541e-01
5.566087789807153e-01
5.523641811690237e-01
5.481096250876157e-01
5.438455383620658e-01
5.395723528157287e-01
5.352905044160183e-01
5.310004332168724e-01
5.267025832973581e-01
5.223974026963749e-01
5.180853433434155e-01
5.137668609853505e-01
5.094424151092034e-01
5.051124688608905e-01
5.007774889598999e-01
4.964379456098939e-01
4.920943124052160e-01
4.877470662332959e-01
4.833966871729451e-01
4.790436583885430e-01
4.746884660201175e-01
4.703315990693288e-01
4.659735492813720e-01
4.616148110228153e-01
4.572558811554014e-01
4.528972589058390e-01
4.485394457316212e-01
4.441829451829121e-01
4.398282627605447e-01
4.354759057701857e-01
4.311263831727207e-01
4.267802054309248e-01
4.224378843524856e-01
4.180999329294539e-01
4.137668651741992e-01
4.094391959519575e-01
4.051174408100603e-01
4.008021158039419e-01
3.964937373200257e-01
3.921928218955973e-01
3.878998860357759e-01
3.836154460277028e-01
3.793400177520688e-01
3.750741164921091e-01
3.708182567401986e-01
3.665729520021852e-01
3.623387145996048e-01
3.581160554699243e-01
3.539054839649647e-01
3.497075076476617e-01
3.455226320873229e-01
3.413513606535464e-01
3.371941943089706e-01
3.330516314010252e-01
3.289241674528605e-01
3.248122949536332e-01
3.207165031483312e-01
3.166372778273208e-01
3.125751011158061e-01
3.085304512633876e-01
3.045038024339144e-01
3.004956244958217e-01
2.965063828131511e-01
2.925365380374486e-01
2.885865459007403e-01
2.846568570097829e-01
2.807479166417893e-01
2.768601645418288e-01
2.729940347221023e-01
2.691499552632904e-01
2.653283481181755e-01
2.615296289177336e-01
2.577542067798959e-01
2.540024841211721e-01
2.502748564713324e-01
2.465717122913385e-01
2.428934327947139e-01
2.392403917725398e-01
2.356129554222622e-01
2.320114821804897e-01
2.284363225599610e-01
2.248878189908556e-01
2.213663056666176e-01
2.178721083944589e-01
2.144055444507031e-01
2.109669224411266e-01
2.075565421664486e-01
2.041746944931171e-01
2.008216612295308e-01
1.974977150078334e-01
1.942031191714093e-01
1.909381276682039e-01
1.877029849499861e-01
1.844979258776629e-01
1.813231756327511e-01
1.781789496351016e-01
1.750654534669683e-01
1.719828828035034e-01
1.689314233497542e-01
1.659112507842321e-01
1.629225307091113e-01
1.599654186071133e-01
1.570400598051212e-01
1.541465894445609e-01
1.512851324585815e-01
1.484558035560535e-01
1.456587072124025e-01
1.428939376672810e-01
1.401615789290789e-01
1.374617047862629e-01
1.347943788255245e-01
1.321596544567147e-01
1.295575749445287e-01
1.269881734469014e-01
1.244514730600636e-01
1.219474868702022e-01
1.194762180116614e-01
1.170376597316112e-01
1.146317954611057e-01
1.122585988924450e-01
1.099180340627454e-01
1.076100554436209e-01
1.053346080368657e-01
1.030916274760266e-01
1.008810401337437e-01
9.870276323473470e-02
9.655670497428913e-02
9.444276464213570e-02
9.236083275153886e-02
9.031079117347568e-02
8.829251327573925e-02
8.630586406680982e-02
8.435070034433015e-02
8.242687084801760e-02
8.053421641684104e-02
7.867257015028675e-02
7.684175757353472e-02
7.504159680636222e-02
7.327189873558988e-02
7.153246719088180e-02
6.982309912370926e-02
6.814358478928549e-02
6.649370793127685e-02
6.487324596909451e-02
6.328197018756930e-02
6.171964592881143e-02
6.018603278605601e-02
5.868088479929535e-02
5.720395065249804e-02
5.575497387221605e-02
5.433369302738048e-02
5.293984193008815e-02
5.157314983718167e-02
5.023334165242720e-02
4.892013812909536e-02
4.763325607275280e-02
4.637240854407378e-02
4.513730506148342e-02
4.392765180344678e-02
4.274315181022072e-02
4.158350518488840e-02
4.044840929349936e-02
3.933755896414187e-02
3.825064668477723e-02
3.718736279967000e-02
3.614739570425188e-02
3.513043203826111e-02
3.413615687700341e-02
3.316425392058532e-02
3.221440568097488e-02
3.128629366674977e-02
3.037959856539755e-02
2.949400042303789e-02
2.862917882144149e-02
2.778481305222573e-02
2.696058228811240e-02
2.615616575113784e-02
2.537124287771188e-02
2.460549348042655e-02
2.385859790652195e-02
2.313023719292137e-02
2.242009321775408e-02
2.172784884828900e-02
2.105318808520888e-02
2.039579620315946e-02
1.975535988751417e-02
1.913156736730021e-02
1.852410854423752e-02
1.793267511784755e-02
1.735696070659417e-02
1.679666096502467e-02
1.625147369688369e-02
1.572109896417868e-02
1.520523919218034e-02
1.470359927034664e-02
1.421588664916416e-02
1.374181143290532e-02
1.328108646830477e-02
1.283342742916319e-02
1.239855289689104e-02
1.197618443700950e-02
1.156604667162997e-02
1.116786734793808e-02
1.078137740271174e-02
1.040631102290715e-02
1.004240570235034e-02
9.689402294575475e-03
9.347045061854605e-03
9.015081720467189e-03
8.693263482260634e-03
8.381345092556397e-03
8.079084864459036e-03
7.786244709628365e-03
7.502590165577539e-03
7.227890419562325e-03
6.961918329129133e-03
6.704450439391555e-03
6.455266997107146e-03
6.214151961628052e-03
5.980893012800766e-03
5.755281555891867e-03
5.537112723617970e-03
5.326185375359375e-03
5.122302093638035e-03
4.925269177941353e-03
4.734896635974219e-03
4.550998172422337e-03
4.373391175310410e-03
4.201896700039239e-03
4.036339451185988e-03
3.876547762152074e-03
3.722353572743177e-03
3.573592404765721e-03
3.430103335724048e-03
3.291728970702125e-03
3.158315412513245e-03
3.029712230200617e-03
2.905772425971149e-03
2.786352400643958e-03
2.671311917694366e-03
2.560514065973195e-03
2.453825221180221e-03
2.351115006169546e-03
2.252256250163523e-03
2.157124946950646e-03
2.065600212141534e-03
1.977564239555801e-03
1.892902256811188e-03
1.811502480184898e-03
1.733256068815540e-03
1.658057078312573e-03
1.585802413838515e-03
1.516391782727568e-03
1.449727646702648e-03
1.385715173751111e-03
1.324262189717743e-03
1.265279129671853e-03
1.208678989103535e-03
1.154377275002400e-03
1.102291956870288e-03
1.052343417717683e-03
1.004454405091743e-03
9.585499821820676e-04
9.145574790485246e-04
8.724064440136575e-04
8.320285952604112e-04
7.933577726741348e-04
7.563298899660539e-04
7.208828871136555e-04
6.869566831516897e-04
6.544931293457842e-04
6.234359627789676e-04
5.937307603797336e-04
5.653248934186274e-04
5.381674824987220e-04
5.122093530637611e-04
4.874029914461858e-04
4.637025014757350e-04
4.410635616678134e-04
4.194433830093616e-04
3.988006673585352e-04
3.790955664731094e-04
3.602896416811740e-04
3.423458242063648e-04
3.252283761586033e-04
3.089028522000749e-04
2.933360618949768e-04
2.784960327504071e-04
2.643519739546473e-04
2.508742408180066e-04
2.380342999203613e-04
2.258046949685187e-04
2.141590133655777e-04
2.030718534935393e-04
1.925187927095369e-04
1.824763560552226e-04
1.729219856780393e-04
1.638340109623517e-04
1.551916193676841e-04
1.469748279706291e-04
1.391644557063456e-04
1.317420963049529e-04
1.246900919175579e-04
1.179915074261123e-04
1.116301054307965e-04
1.055903219081608e-04
9.985724253281987e-05
9.441657965509692e-05
8.925464992664760e-05
8.435835256575630e-05
7.971514825369340e-05
7.531303865324705e-05
7.114054654029692e-05
6.718669653907984e-05
6.344099645160828e-05
5.989341917153799e-05
5.653438517264514e-05
5.335474556196012e-05
5.034576568751709e-05
4.749910929061378e-05
4.480682319243324e-05
4.226132250485861e-05
3.985537635531209e-05
3.758209411546907e-05
3.543491212373792e-05
3.340758089145331e-05
3.149415278280645e-05
2.968897015862750e-05
2.798665397424403e-05
2.638209282176282e-05
2.487043240726066e-05
2.344706545352224e-05
2.210762201912880e-05
2.084796022487942e-05
1.966415737871706e-05
1.855250149053327e-05
1.750948316843751e-05
1.653178788829998e-05
1.561628862860861e-05
1.476003886292248e-05
1.396026590245313e-05
1.321436458156369e-05
1.251989127924028e-05
1.187455826986304e-05
1.127622839688264e-05
1.072291006329355e-05
1.021275253308577e-05
9.744041538153192e-06
9.315195185437586e-06
8.924760159392914e-06
8.571408215164494e-06
8.253932958191226e-06
7.971246906256249e-06
7.722378830331903e-06
7.506471370888041e-06
7.322778926658803e-06
7.170665813191010e-06
7.049604688827721e-06
6.959175246112414e-06
6.899063166932778e-06
6.869059340057837e-06
