6.869059340057837e-06
6.899063166932778e-06
6.959175246112414e-06
7.049604688827722e-06
7.170665813191011e-06
7.322778926658804e-06
7.506471370888042e-06
7.722378830331903e-06
7.971246906256249e-06
8.253932958191224e-06
8.571408215164493e-06
8.924760159392912e-06
9.315195185437584e-06
9.744041538153190e-06
1.021275253308577e-05
1.072291006329355e-05
1.127622839688264e-05
1.187455826986304e-05
1.251989127924028e-05
1.321436458156369e-05
1.396026590245313e-05
1.476003886292248e-05
1.561628862860862e-05
1.653178788829998e-05
1.750948316843751e-05
1.855250149053327e-05
1.966415737871707e-05
2.084796022487943e-05
2.210762201912881e-05
2.344706545352224e-05
2.487043240726066e-05
2.638209282176282e-05
2.798665397424403e-05
2.968897015862750e-05
3.149415278280646e-05
3.340758089145333e-05
3.543491212373793e-05
3.758209411546908e-05
3.985537635531211e-05
4.226132250485862e-05
4.480682319243325e-05
4.749910929061380e-05
5.034576568751711e-05
5.335474556196014e-05
5.653438517264517e-05
5.989341917153801e-05
6.344099645160832e-05
6.718669653907988e-05
7.114054654029696e-05
7.531303865324711e-05
7.971514825369345e-05
8.435835256575637e-05
8.925464992664768e-05
9.441657965509699e-05
9.985724253281993e-05
1.055903219081609e-04
1.116301054307966e-04
1.179915074261124e-04
1.246900919175580e-04
1.317420963049530e-04
1.391644557063457e-04
1.469748279706293e-04
1.551916193676842e-04
1.638340109623518e-04
1.729219856780394e-04
1.824763560552227e-04
1.925187927095370e-04
2.030718534935394e-04
2.141590133655778e-04
2.258046949685188e-04
2.380342999203615e-04
2.508742408180068e-04
2.643519739546475e-04
2.784960327504074e-04
2.933360618949770e-04
3.089028522000752e-04
3.252283761586036e-04
3.423458242063650e-04
3.602896416811743e-04
3.790955664731097e-04
3.988006673585355e-04
4.194433830093620e-04
4.410635616678138e-04
4.637025014757355e-04
4.874029914461863e-04
5.122093530637616e-04
5.381674824987225e-04
5.653248934186279e-04
5.937307603797342e-04
6.234359627789683e-04
6.544931293457849e-04
6.869566831516905e-04
7.208828871136562e-04
7.563298899660547e-04
7.933577726741356e-04
8.320285952604120e-04
8.724064440136582e-04
9.145574790485252e-04
9.585499821820684e-04
1.004454405091744e-03
1.052343417717684e-03
1.102291956870289e-03
1.154377275002401e-03
1.208678989103536e-03
1.265279129671854e-03
1.324262189717744e-03
1.385715173751112e-03
1.449727646702650e-03
1.516391782727570e-03
1.585802413838517e-03
1.658057078312575e-03
1.733256068815542e-03
1.811502480184900e-03
1.892902256811191e-03
1.977564239555803e-03
2.065600212141536e-03
2.157124946950649e-03
2.252256250163526e-03
2.351115006169549e-03
2.453825221180224e-03
2.560514065973198e-03
2.671311917694369e-03
2.786352400643961e-03
2.905772425971152e-03
3.029712230200620e-03
3.158315412513248e-03
3.291728970702129e-03
3.430103335724052e-03
3.573592404765726e-03
3.722353572743182e-03
3.876547762152079e-03
4.036339451185993e-03
4.201896700039245e-03
4.373391175310415e-03
4.550998172422342e-03
4.734896635974224e-03
4.925269177941357e-03
5.122302093638040e-03
5.326185375359381e-03
5.537112723617975e-03
5.755281555891873e-03
5.980893012800771e-03
6.214151961628057e-03
6.455266997107151e-03
6.704450439391560e-03
6.961918329129138e-03
7.227890419562330e-03
7.502590165577545e-03
7.786244709628371e-03
8.079084864459043e-03
8.381345092556404e-03
8.693263482260641e-03
9.015081720467197e-03
9.347045061854612e-03
9.689402294575482e-03
1.004240570235035e-02
1.040631102290716e-02
1.078137740271175e-02
1.116786734793809e-02
1.156604667162998e-02
1.197618443700951e-02
1.239855289689105e-02
1.283342742916320e-02
1.328108646830478e-02
1.374181143290533e-02
1.421588664916418e-02
1.470359927034665e-02
1.520523919218036e-02
1.572109896417870e-02
1.625147369688371e-02
1.679666096502469e-02
1.735696070659419e-02
1.793267511784757e-02
1.852410854423754e-02
1.913156736730023e-02
1.975535988751419e-02
2.039579620315948e-02
2.105318808520890e-02
2.172784884828902e-02
2.242009321775410e-02
2.313023719292140e-02
2.385859790652197e-02
2.460549348042658e-02
2.537124287771191e-02
2.615616575113787e-02
2.696058228811242e-02
2.778481305222576e-02
2.862917882144151e-02
2.949400042303791e-02
3.037959856539757e-02
3.128629366674980e-02
3.221440568097492e-02
3.316425392058536e-02
3.413615687700344e-02
3.513043203826114e-02
3.614739570425191e-02
3.718736279967003e-02
3.825064668477725e-02
3.933755896414190e-02
4.044840929349938e-02
4.158350518488842e-02
4.274315181022074e-02
4.392765180344680e-02
4.513730506148344e-02
4.637240854407380e-02
4.763325607275282e-02
4.892013812909539e-02
5.023334165242723e-02
5.157314983718170e-02
5.293984193008817e-02
5.433369302738049e-02
5.575497387221606e-02
5.720395065249805e-02
5.868088479929535e-02
6.018603278605603e-02
6.171964592881144e-02
6.328197018756931e-02
6.487324596909451e-02
6.649370793127685e-02
6.814358478928549e-02
6.982309912370926e-02
7.153246719088180e-02
7.327189873558987e-02
7.504159680636220e-02
7.684175757353472e-02
7.867257015028675e-02
8.053421641684103e-02
8.242687084801759e-02
8.435070034433012e-02
8.630586406680979e-02
8.829251327573921e-02
9.031079117347564e-02
9.236083275153882e-02
9.444276464213566e-02
9.655670497428909e-02
9.870276323473465e-02
1.008810401337436e-01
1.030916274760265e-01
1.053346080368657e-01
1.076100554436208e-01
1.099180340627453e-01
1.122585988924449e-01
1.146317954611056e-01
1.170376597316111e-01
1.194762180116613e-01
1.219474868702021e-01
1.244514730600635e-01
1.269881734469013e-01
1.295575749445286e-01
1.321596544567145e-01
1.347943788255244e-01
1.374617047862627e-01
1.401615789290788e-01
1.428939376672808e-01
1.456587072124024e-01
1.484558035560534e-01
1.512851324585813e-01
1.541465894445608e-01
1.570400598051210e-01
1.599654186071132e-01
1.629225307091111e-01
1.659112507842319e-01
1.689314233497541e-01
1.719828828035032e-01
1.750654534669681e-01
1.781789496351014e-01
1.813231756327509e-01
1.844979258776627e-01
1.877029849499858e-01
1.909381276682036e-01
1.942031191714090e-01
1.974977150078331e-01
2.008216612295305e-01
2.041746944931168e-01
2.075565421664484e-01
2.109669224411263e-01
2.144055444507028e-01
2.178721083944586e-01
2.213663056666173e-01
2.248878189908553e-01
2.284363225599607e-01
2.320114821804894e-01
2.356129554222619e-01
2.392403917725396e-01
2.428934327947137e-01
2.465717122913383e-01
2.502748564713322e-01
2.540024841211719e-01
2.577542067798957e-01
2.615296289177333e-01
2.653283481181752e-01
2.691499552632902e-01
2.729940347221020e-01
2.768601645418286e-01
2.807479166417891e-01
2.846568570097827e-01
2.885865459007401e-01
2.925365380374483e-01
2.965063828131507e-01
3.004956244958214e-01
3.045038024339141e-01
3.085304512633874e-01
3.125751011158058e-01
3.166372778273205e-01
3.207165031483309e-01
3.248122949536330e-01
3.289241674528603e-01
3.330516314010251e-01
3.371941943089704e-01
3.413513606535462e-01
3.455226320873227e-01
3.497075076476616e-01
3.539054839649645e-01
3.581160554699241e-01
3.623387145996046e-01
3.665729520021850e-01
3.708182567401984e-01
3.750741164921090e-01
3.793400177520687e-01
3.836154460277026e-01
3.878998860357757e-01
3.921928218955972e-01
3.964937373200256e-01
4.008021158039418e-01
4.051174408100602e-01
4.094391959519573e-01
4.137668651741991e-01
4.180999329294537e-01
4.224378843524855e-01
4.267802054309246e-01
4.311263831727206e-01
4.354759057701856e-01
4.398282627605445e-01
4.441829451829119e-01
4.485394457316210e-01
4.528972589058388e-01
4.572558811554012e-01
4.616148110228152e-01
4.659735492813718e-01
4.703315990693286e-01
4.746884660201173e-01
4.790436583885428e-01
4.833966871729449e-01
4.877470662332957e-01
4.920943124052157e-01
4.964379456098936e-01
5.007774889598996e-01
5.051124688608902e-01
5.094424151092033e-01
5.137668609853502e-01
5.180853433434152e-01
5.223974026963746e-01
5.267025832973578e-01
5.310004332168721e-01
5.352905044160180e-01
5.395723528157284e-01
5.438455383620654e-01
5.481096250876153e-01
5.523641811690233e-01
5.566087789807149e-01
5.608429951448539e-01
5.650664105775879e-01
5.692786105316403e-01
5.734791846353035e-01
5.776677269278969e-01
5.818438358917545e-01
5.860071144808039e-01
5.901571701458111e-01
5.942936148563568e-01
5.984160651196188e-01
6.025241419960347e-01
6.066174711119201e-01
6.106956826691198e-01
6.147584114517716e-01
6.188052968302604e-01
6.228359827624463e-01
6.268501177922459e-01
6.308473550456504e-01
6.348273522242635e-01
6.387897715964440e-01
6.427342799861341e-01
6.466605487594596e-01
6.505682538091874e-01
6.544570755371205e-01
6.583266988345201e-01
6.621768130606326e-01
6.660071120194100e-01
6.698172939345046e-01
6.736070614226191e-01
6.773761214652967e-01
6.811241853792294e-01
6.848509687851669e-01
6.885561915755037e-01
6.922395778806224e-01
6.959008560340716e-01
6.995397585366526e-01
7.031560220194917e-01
7.067493872061680e-01
7.103195988739719e-01
7.138664058143629e-01
7.173895607926966e-01
7.208888205072870e-01
7.243639455478718e-01
7.278147003535441e-01
7.312408531702124e-01
7.346421760076510e-01
7.380184445962005e-01
7.413694383431728e-01
7.446949402890214e-01
7.479947370633255e-01
7.512686188406454e-01
7.545163792962951e-01
7.577378155620836e-01
7.609327281820711e-01
7.641009210683840e-01
7.672422014571338e-01
7.703563798644798e-01
7.734432700428761e-01
7.765026889375405e-01
7.795344566431823e-01
7.825383963610212e-01
7.855143343561320e-01
7.884620999151472e-01
7.913815253043418e-01
7.942724457281344e-01
7.971346992880258e-01
7.999681269420016e-01
8.027725724644207e-01
8.055478824064132e-01
8.082939060568035e-01
8.110104954035813e-01
8.136975050959340e-01
8.163547924068574e-01
8.189822171963599e-01
8.215796418752693e-01
8.241469313696593e-01
8.266839530858996e-01
8.291905768763437e-01
8.316666750056597e-01
8.341121221178109e-01
8.365267952036929e-01
8.389105735694296e-01
8.412633388053351e-01
8.435849747555404e-01
8.458753674882883e-01
8.481344052668968e-01
8.503619785213917e-01
8.525579798208062e-01
8.547223038461450e-01
8.568548473640144e-01
8.589555092009095e-01
8.610241902181593e-01
8.630607932875232e-01
8.650652232674326e-01
8.670373869798764e-01
8.689771931879184e-01
8.708845525738440e-01
8.727593777179288e-01
8.746015830778189e-01
8.764110849685190e-01
8.781878015429769e-01
8.799316527732569e-01
8.816425604322934e-01
8.833204480762166e-01
8.849652410272384e-01
8.865768663570918e-01
8.881552528710123e-01
8.897003310922523e-01
8.912120332471181e-01
8.926902932505199e-01
8.941350466920241e-01
8.955462308223989e-01
8.969237845406409e-01
8.982676483814751e-01
8.995777645033157e-01
9.008540766766794e-01
9.020965302730403e-01
9.033050722541157e-01
9.044796511615745e-01
9.056202171071567e-01
9.067267217631950e-01
9.077991183535301e-01
9.088373616448071e-01
9.098414079381478e-01
9.108112150611860e-01
9.117467423604595e-01
9.126479506941492e-01
9.135148024251566e-01
9.143472614145117e-01
9.151452930151035e-01
9.159088640657242e-01
9.166379428854214e-01
9.173324992681489e-01
9.179925044777114e-01
9.186179312429943e-01
9.192087537534726e-01
9.197649476549942e-01
9.202864900458293e-01
9.207733594729829e-01
9.212255359287626e-01
9.216430008475984e-01
9.220257371031100e-01
9.223737290054153e-01
9.226869622986786e-01
9.229654241588933e-01
9.232091031918949e-01
9.234179894316045e-01
9.235920743384959e-01
9.237313507982875e-01
9.238358131208544e-01
9.239054570393602e-01
9.239402797096083e-01
9.239402797096083e-01
9.239054570393602e-01
9.238358131208544e-01
9.237313507982875e-01
9.235920743384959e-01
9.234179894316045e-01
9.232091031918949e-01
9.229654241588933e-01
9.226869622986786e-01
9.223737290054153e-01
9.220257371031100e-01
9.216430008475984e-01
9.212255359287626e-01
9.207733594729829e-01
9.202864900458293e-01
9.197649476549942e-01
9.192087537534726e-01
9.186179312429943e-01
9.179925044777114e-01
9.173324992681489e-01
9.166379428854214e-01
9.159088640657242e-01
9.151452930151035e-01
9.143472614145117e-01
9.135148024251566e-01
9.126479506941492e-01
9.117467423604595e-01
9.108112150611860e-01
9.098414079381478e-01
9.088373616448071e-01
9.077991183535301e-01
9.067267217631950e-01
9.056202171071567e-01
9.044796511615745e-01
9.033050722541157e-01
9.020965302730403e-01
9.008540766766794e-01
8.995777645033157e-01
8.982676483814751e-01
8.969237845406409e-01
8.955462308223989e-01
8.941350466920241e-01
8.926902932505199e-01
8.912120332471181e-01
8.897003310922523e-01
8.881552528710123e-01
8.865768663570918e-01
8.849652410272384e-01
8.833204480762166e-01
8.816425604322934e-01
8.799316527732569e-01
8.781878015429769e-01
8.764110849685190e-01
8.746015830778189e-01
8.727593777179288e-01
8.708845525738440e-01
8.689771931879184e-01
8.670373869798764e-01
8.650652232674326e-01
8.630607932875232e-01
8.610241902181593e-01
8.589555092009095e-01
8.568548473640144e-01
8.547223038461450e-01
8.525579798208062e-01
8.503619785213917e-01
8.481344052668968e-01
8.458753674882883e-01
8.435849747555404e-01
8.412633388053351e-01
8.389105735694296e-01
8.365267952036929e-01
8.341121221178109e-01
8.316666750056597e-01
8.291905768763437e-01
8.266839530858996e-01
8.241469313696593e-01
8.215796418752693e-01
8.189822171963599e-01
8.163547924068574e-01
8.136975050959340e-01
8.110104954035813e-01
8.082939060568035e-01
8.055478824064132e-01
8.027725724644207e-01
7.999681269420016e-01
7.971346992880258e-01
7.942724457281344e-01
7.913815253043418e-01
7.884620999151472e-01
7.855143343561320e-01
7.825383963610212e-01
7.795344566431823e-01
7.765026889375405e-01
7.734432700428761e-01
7.703563798644798e-01
7.672422014571338e-01
7.641009210683840e-01
7.609327281820711e-01
7.577378155620836e-01
7.545163792962951e-01
7.512686188406454e-01
7.479947370633255e-01
7.446949402890214e-01
7.413694383431728e-01
7.380184445962005e-01
7.346421760076510e-01
7.312408531702124e-01
7.278147003535441e-01
7.243639455478718e-01
7.208888205072870e-01
7.173895607926966e-01
7.138664058143629e-01
7.103195988739719e-01
7.067493872061680e-01
7.031560220194917e-01
6.995397585366526e-01
6.959008560340716e-01
6.922395778806224e-01
6.885561915755037e-01
6.848509687851669e-01
6.811241853792294e-01
6.773761214652967e-01
6.736070614226192e-01
6.698172939345047e-01
6.660071120194101e-01
6.621768130606327e-01
6.583266988345202e-01
6.544570755371206e-01
6.505682538091875e-01
6.466605487594597e-01
6.427342799861342e-01
6.387897715964441e-01
6.348273522242636e-01
6.308473550456505e-01
6.268501177922460e-01
6.228359827624464e-01
6.188052968302605e-01
6.147584114517717e-01
6.106956826691199e-01
6.066174711119202e-01
6.025241419960348e-01
5.984160651196189e-01
5.942936148563569e-01
5.901571701458113e-01
5.860071144808040e-01
5.818438358917545e-01
5.776677269278970e-01
5.734791846353035e-01
5.692786105316404e-01
5.650664105775880e-01
5.608429951448540e-01
5.566087789807150e-01
5.523641811690234e-01
5.481096250876154e-01
5.438455383620655e-01
5.395723528157285e-01
5.352905044160181e-01
5.310004332168722e-01
5.267025832973579e-01
5.223974026963747e-01
5.180853433434153e-01
5.137668609853503e-01
5.094424151092034e-01
5.051124688608903e-01
5.007774889598997e-01
4.964379456098937e-01
4.920943124052158e-01
4.877470662332957e-01
4.833966871729450e-01
4.790436583885428e-01
4.746884660201173e-01
4.703315990693287e-01
4.659735492813719e-01
4.616148110228152e-01
4.572558811554013e-01
4.528972589058388e-01
4.485394457316211e-01
4.441829451829120e-01
4.398282627605446e-01
4.354759057701856e-01
4.311263831727206e-01
4.267802054309246e-01
4.224378843524855e-01
4.180999329294537e-01
4.137668651741990e-01
4.094391959519573e-01
4.051174408100601e-01
4.008021158039416e-01
3.964937373200255e-01
3.921928218955971e-01
3.878998860357757e-01
3.836154460277025e-01
3.793400177520685e-01
3.750741164921089e-01
3.708182567401983e-01
3.665729520021849e-01
3.623387145996045e-01
3.581160554699240e-01
3.539054839649644e-01
3.497075076476615e-01
3.455226320873226e-01
3.413513606535461e-01
3.371941943089703e-01
3.330516314010250e-01
3.289241674528602e-01
3.248122949536329e-01
3.207165031483308e-01
3.166372778273204e-01
3.125751011158057e-01
3.085304512633872e-01
3.045038024339140e-01
3.004956244958213e-01
2.965063828131506e-01
2.925365380374482e-01
2.885865459007400e-01
2.846568570097825e-01
2.807479166417889e-01
2.768601645418284e-01
2.729940347221019e-01
2.691499552632901e-01
2.653283481181750e-01
2.615296289177332e-01
2.577542067798955e-01
2.540024841211717e-01
2.502748564713321e-01
2.465717122913382e-01
2.428934327947135e-01
2.392403917725394e-01
2.356129554222618e-01
2.320114821804893e-01
2.284363225599606e-01
2.248878189908552e-01
2.213663056666172e-01
2.178721083944585e-01
2.144055444507027e-01
2.109669224411262e-01
2.075565421664483e-01
2.041746944931167e-01
2.008216612295304e-01
1.974977150078330e-01
1.942031191714089e-01
1.909381276682035e-01
1.877029849499857e-01
1.844979258776626e-01
1.813231756327508e-01
1.781789496351013e-01
1.750654534669681e-01
1.719828828035031e-01
1.689314233497540e-01
1.659112507842319e-01
1.629225307091111e-01
1.599654186071131e-01
1.570400598051210e-01
1.541465894445607e-01
1.512851324585812e-01
1.484558035560533e-01
1.456587072124023e-01
1.428939376672808e-01
1.401615789290787e-01
1.374617047862627e-01
1.347943788255243e-01
1.321596544567145e-01
1.295575749445285e-01
1.269881734469012e-01
1.244514730600634e-01
1.219474868702020e-01
1.194762180116613e-01
1.170376597316110e-01
1.146317954611056e-01
1.122585988924448e-01
1.099180340627453e-01
1.076100554436208e-01
1.053346080368656e-01
1.030916274760265e-01
1.008810401337436e-01
9.870276323473459e-02
9.655670497428903e-02
9.444276464213561e-02
9.236083275153877e-02
9.031079117347558e-02
8.829251327573916e-02
8.630586406680973e-02
8.435070034433007e-02
8.242687084801753e-02
8.053421641684097e-02
7.867257015028670e-02
7.684175757353465e-02
7.504159680636215e-02
7.327189873558981e-02
7.153246719088174e-02
6.982309912370921e-02
6.814358478928544e-02
6.649370793127679e-02
6.487324596909445e-02
6.328197018756926e-02
6.171964592881139e-02
6.018603278605597e-02
5.868088479929531e-02
5.720395065249800e-02
5.575497387221601e-02
5.433369302738045e-02
5.293984193008813e-02
5.157314983718166e-02
5.023334165242719e-02
4.892013812909535e-02
4.763325607275278e-02
4.637240854407376e-02
4.513730506148340e-02
4.392765180344677e-02
4.274315181022071e-02
4.158350518488838e-02
4.044840929349935e-02
3.933755896414187e-02
3.825064668477723e-02
3.718736279967000e-02
3.614739570425188e-02
3.513043203826111e-02
3.413615687700342e-02
3.316425392058533e-02
3.221440568097489e-02
3.128629366674978e-02
3.037959856539755e-02
2.949400042303789e-02
2.862917882144149e-02
2.778481305222574e-02
2.696058228811240e-02
2.615616575113785e-02
2.537124287771188e-02
2.460549348042656e-02
2.385859790652195e-02
2.313023719292138e-02
2.242009321775408e-02
2.172784884828901e-02
2.105318808520889e-02
2.039579620315947e-02
1.975535988751418e-02
1.913156736730022e-02
1.852410854423753e-02
1.793267511784756e-02
1.735696070659418e-02
1.679666096502468e-02
1.625147369688370e-02
1.572109896417869e-02
1.520523919218035e-02
1.470359927034665e-02
1.421588664916417e-02
1.374181143290532e-02
1.328108646830477e-02
1.283342742916319e-02
1.239855289689105e-02
1.197618443700950e-02
1.156604667162998e-02
1.116786734793809e-02
1.078137740271175e-02
1.040631102290715e-02
1.004240570235035e-02
9.689402294575478e-03
9.347045061854608e-03
9.015081720467194e-03
8.693263482260637e-03
8.381345092556402e-03
8.079084864459041e-03
7.786244709628369e-03
7.502590165577543e-03
7.227890419562328e-03
6.961918329129136e-03
6.704450439391558e-03
6.455266997107149e-03
6.214151961628055e-03
5.980893012800769e-03
5.755281555891871e-03
5.537112723617973e-03
5.326185375359379e-03
5.122302093638038e-03
4.925269177941355e-03
4.734896635974222e-03
4.550998172422339e-03
4.373391175310412e-03
4.201896700039242e-03
4.036339451185990e-03
3.876547762152077e-03
3.722353572743180e-03
3.573592404765724e-03
3.430103335724050e-03
3.291728970702127e-03
3.158315412513246e-03
3.029712230200618e-03
2.905772425971150e-03
2.786352400643960e-03
2.671311917694367e-03
2.560514065973196e-03
2.453825221180222e-03
2.351115006169547e-03
2.252256250163524e-03
2.157124946950647e-03
2.065600212141535e-03
1.977564239555802e-03
1.892902256811189e-03
1.811502480184898e-03
1.733256068815540e-03
1.658057078312573e-03
1.585802413838515e-03
1.516391782727568e-03
1.449727646702648e-03
1.385715173751111e-03
1.324262189717743e-03
1.265279129671853e-03
1.208678989103535e-03
1.154377275002400e-03
1.102291956870288e-03
1.052343417717684e-03
1.004454405091743e-03
9.585499821820677e-04
9.145574790485247e-04
8.724064440136577e-04
8.320285952604114e-04
7.933577726741350e-04
7.563298899660541e-04
7.208828871136557e-04
6.869566831516900e-04
6.544931293457844e-04
6.234359627789679e-04
5.937307603797339e-04
5.653248934186276e-04
5.381674824987222e-04
5.122093530637612e-04
4.874029914461860e-04
4.637025014757352e-04
4.410635616678136e-04
4.194433830093617e-04
3.988006673585352e-04
3.790955664731095e-04
3.602896416811740e-04
3.423458242063648e-04
3.252283761586033e-04
3.089028522000750e-04
2.933360618949768e-04
2.784960327504072e-04
2.643519739546474e-04
2.508742408180067e-04
2.380342999203614e-04
2.258046949685186e-04
2.141590133655777e-04
2.030718534935393e-04
1.925187927095369e-04
1.824763560552226e-04
1.729219856780393e-04
1.638340109623517e-04
1.551916193676841e-04
1.469748279706292e-04
1.391644557063456e-04
1.317420963049529e-04
1.246900919175580e-04
1.179915074261124e-04
1.116301054307965e-04
1.055903219081608e-04
9.985724253281988e-05
9.441657965509694e-05
8.925464992664763e-05
8.435835256575631e-05
7.971514825369341e-05
7.531303865324707e-05
7.114054654029692e-05
6.718669653907984e-05
6.344099645160828e-05
5.989341917153798e-05
5.653438517264513e-05
5.335474556196011e-05
5.034576568751709e-05
4.749910929061378e-05
4.480682319243323e-05
4.226132250485860e-05
3.985537635531209e-05
3.758209411546906e-05
3.543491212373791e-05
3.340758089145331e-05
3.149415278280644e-05
2.968897015862748e-05
2.798665397424401e-05
2.638209282176280e-05
2.487043240726064e-05
2.344706545352222e-05
2.210762201912879e-05
2.084796022487941e-05
1.966415737871705e-05
1.855250149053326e-05
1.750948316843750e-05
1.653178788829997e-05
1.561628862860861e-05
1.476003886292247e-05
1.396026590245312e-05
1.321436458156368e-05
1.251989127924027e-05
1.187455826986303e-05
1.127622839688264e-05
1.072291006329355e-05
1.021275253308576e-05
9.744041538153185e-06
9.315195185437579e-06
8.924760159392907e-06
8.571408215164489e-06
8.253932958191220e-06
7.971246906256244e-06
7.722378830331898e-06
7.506471370888038e-06
7.322778926658800e-06
7.170665813191007e-06
7.049604688827718e-06
6.959175246112409e-06
6.899063166932774e-06
6.869059340057833e-06
