6.664705285288108e-06
6.700230327205244e-06
6.764388824163793e-06
6.858134668933630e-06
6.981747088410457e-06
7.135658323241425e-06
7.320403713225456e-06
7.536624645755555e-06
7.785070165305275e-06
8.066598833221548e-06
8.382180850105171e-06
8.732900447775964e-06
9.119958552062411e-06
9.544675720044345e-06
1.000849535541487e-05
1.051298720596970e-05
1.105985114754535e-05
1.165092125903933e-05
1.228817019345249e-05
1.297371385019758e-05
1.370981635421682e-05
1.449889534774540e-05
1.534352760084702e-05
1.624645494713063e-05
1.721059055133523e-05
1.823902551574018e-05
1.933503583262279e-05
2.050208969024141e-05
2.174385514007116e-05
2.306420813325996e-05
2.446724093450413e-05
2.595727092176494e-05
2.753884978045988e-05
2.921677310096406e-05
3.099609038844754e-05
3.288211549425349e-05
3.488043747818807e-05
3.699693191124657e-05
3.923777262843960e-05
4.160944394150846e-05
4.411875332142874e-05
4.677284456069531e-05
4.957921142545945e-05
5.254571180764875e-05
5.568058238724283e-05
5.899245381490050e-05
6.249036642513781e-05
6.618378649023871e-05
7.008262302504200e-05
7.419724515268696e-05
7.853850004131693e-05
8.311773142163151e-05
8.794679869504700e-05
9.303809664206531e-05
9.840457574026868e-05
1.040597631011448e-04
1.100177840347085e-04
1.162933842506155e-04
1.229019527041693e-04
1.298595450952882e-04
1.371829080281441e-04
1.448895038387891e-04
1.529975360976618e-04
1.615259757934074e-04
1.704945882039495e-04
1.799239604602255e-04
1.898355298074342e-04
2.002516125680385e-04
2.111954338101370e-04
2.226911577241344e-04
2.347639187099348e-04
2.474398531761263e-04
2.607461320518359e-04
2.747109940111059e-04
2.893637794087706e-04
3.047349649259054e-04
3.208561989219711e-04
3.377603374897856e-04
3.554814812084281e-04
3.740550125881089e-04
3.935176341999302e-04
4.139074074823147e-04
4.352637922146857e-04
4.576276866477593e-04
4.810414682785392e-04
5.055490352567994e-04
5.311958484084994e-04
5.580289738601913e-04
5.860971262470714e-04
6.154507124858666e-04
6.461418760922691e-04
6.782245420211107e-04
7.117544620059196e-04
7.467892603729208e-04
7.833884803029307e-04
8.216136305129651e-04
8.615282323277110e-04
9.031978671093304e-04
9.466902240123561e-04
9.920751480287098e-04
1.039424688286129e-03
1.088813146561534e-03
1.140317125969071e-03
1.194015579780829e-03
1.249989860336372e-03
1.308323767995499e-03
1.369103600086792e-03
1.432418199802749e-03
1.498359004990489e-03
1.567020096785236e-03
1.638498248032007e-03
1.712892971439180e-03
1.790306567405859e-03
1.870844171463245e-03
1.954613801268506e-03
2.041726403087989e-03
2.132295897704965e-03
2.226439225685517e-03
2.324276391934577e-03
2.425930509472672e-03
2.531527842362399e-03
2.641197847712290e-03
2.755073216684337e-03
2.873289914430169e-03
2.995987218879630e-03
3.123307758304366e-03
3.255397547577897e-03
3.392406023052717e-03
3.534486075973949e-03
3.681794084348314e-03
3.834489943186395e-03
3.992737093035516e-03
4.156702546720013e-03
4.326556914205242e-03
4.502474425501277e-03
4.684632951522058e-03
4.873214022815642e-03
5.068402846081144e-03
5.270388318388182e-03
5.479363039014772e-03
5.695523318820114e-03
5.919069187069119e-03
6.150204395626236e-03
6.389136420436917e-03
6.636076460215932e-03
6.891239432262878e-03
7.154843965326410e-03
7.427112389440057e-03
7.708270722654040e-03
7.998548654589143e-03
8.298179526740503e-03
8.607400309461137e-03
8.926451575557182e-03
9.255577470429039e-03
9.595025678695090e-03
9.945047387237201e-03
1.030589724460999e-02
1.067783331675868e-02
1.106111703899346e-02
1.145601316417147e-02
1.186278970704065e-02
1.228171788470369e-02
1.271307205316328e-02
1.315712963991420e-02
1.361417107255139e-02
1.408447970336736e-02
1.456834172991630e-02
1.506604611152674e-02
1.557788448174896e-02
1.610415105672799e-02
1.664514253949744e-02
1.720115802019467e-02
1.777249887220209e-02
1.835946864422499e-02
1.896237294832078e-02
1.958151934390012e-02
2.021721721772545e-02
2.086977765993776e-02
2.153951333614777e-02
2.222673835563334e-02
2.293176813568995e-02
2.365491926218724e-02
2.439650934638934e-02
2.515685687810318e-02
2.593628107522376e-02
2.673510172975140e-02
2.755363905036147e-02
2.839221350161256e-02
2.925114563988470e-02
3.013075594614469e-02
3.103136465564110e-02
3.195329158463684e-02
3.289685595429263e-02
3.386237621181986e-02
3.485016984902672e-02
3.586055321838622e-02
3.689384134676019e-02
3.795034774691770e-02
3.903038422699159e-02
4.013426069802106e-02
4.126228497973287e-02
4.241476260471821e-02
4.359199662116599e-02
4.479428739431787e-02
4.602193240681386e-02
4.727522605810078e-02
4.855445946307971e-02
4.985992025017150e-02
5.119189235898244e-02
5.255065583775508e-02
5.393648664079183e-02
5.534965642604079e-02
5.679043235303618e-02
5.825907688138678e-02
5.975584757000789e-02
6.128099687729324e-02
6.283477196242492e-02
6.441741448801928e-02
6.602916042430834e-02
6.767023985505549e-02
6.934087678540504e-02
7.104128895186404e-02
7.277168763461508e-02
7.453227747235697e-02
7.632325627986970e-02
7.814481486849841e-02
7.999713686974882e-02
8.188039856218561e-02
8.379476870182169e-02
8.574040835618456e-02
8.771747074224251e-02
8.972610106837069e-02
9.176643638053307e-02
9.383860541285305e-02
9.594272844274113e-02
9.807891715074417e-02
1.002472744852757e-01
1.024478945323822e-01
1.046808623906962e-01
1.069462540517190e-01
1.092441362855742e-01
1.115745665323645e-01
1.139375927992594e-01
1.163332535634346e-01
1.187615776809798e-01
1.212225843018814e-01
1.237162827911836e-01
1.262426726564213e-01
1.288017434814148e-01
1.313934748665045e-01
1.340178363753007e-01
1.366747874880154e-01
1.393642775614314e-01
1.420862457955635e-01
1.448406212070516e-01
1.476273226093238e-01
1.504462585995552e-01
1.532973275524429e-01
1.561804176208083e-01
1.590954067430321e-01
1.620421626573160e-01
1.650205429227596e-01
1.680303949472335e-01
1.710715560220196e-01
1.741438533631830e-01
1.772471041596329e-01
1.803811156278202e-01
1.835456850730140e-01
1.867405999570894e-01
1.899656379727545e-01
1.932205671241337e-01
1.965051458136209e-01
1.998191229349055e-01
2.031622379720712e-01
2.065342211046562e-01
2.099347933185622e-01
2.133636665226882e-01
2.168205436711626e-01
2.203051188910400e-01
2.238170776153219e-01
2.273560967211577e-01
2.309218446730748e-01
2.345139816710836e-01
2.381321598034958e-01
2.417760232042933e-01
2.454452082148769e-01
2.491393435500236e-01
2.528580504678747e-01
2.566009429437756e-01
2.603676278477829e-01
2.641577051256540e-01
2.679707679831292e-01
2.718064030733159e-01
2.756641906869814e-01
2.795437049455590e-01
2.834445139966725e-01
2.873661802119788e-01
2.913082603871329e-01
2.952703059436740e-01
2.992518631326351e-01
3.032524732396739e-01
3.072716727915295e-01
3.113089937636023e-01
3.153639637884618e-01
3.194361063650836e-01
3.235249410686222e-01
3.276299837605222e-01
3.317507467987794e-01
3.358867392481590e-01
3.400374670901844e-01
3.442024334327105e-01
3.483811387189004e-01
3.525730809354252e-01
3.567777558197093e-01
3.609946570660523e-01
3.652232765304534e-01
3.694631044339778e-01
3.737136295644995e-01
3.779743394766669e-01
3.822447206899350e-01
3.865242588845200e-01
3.908124390951272e-01
3.951087459023190e-01
3.994126636213838e-01
4.037236764885803e-01
4.080412688446314e-01
4.123649253153486e-01
4.166941309892757e-01
4.210283715922397e-01
4.253671336587103e-01
4.297099046998672e-01
4.340561733682854e-01
4.384054296191518e-01
4.427571648679314e-01
4.471108721444094e-01
4.514660462430387e-01
4.558221838695286e-01
4.601787837836170e-01
4.645353469379732e-01
4.688913766131824e-01
4.732463785487727e-01
4.775998610702452e-01
4.819513352120784e-01
4.863003148366793e-01
4.906463167492626e-01
4.949888608086402e-01
4.993274700339124e-01
5.036616707070554e-01
5.079909924714038e-01
5.123149684260319e-01
5.166331352160451e-01
5.209450331187929e-01
5.252502061260214e-01
5.295482020219888e-01
5.338385724575697e-01
5.381208730203791e-01
5.423946633009492e-01
5.466595069549989e-01
5.509149717618377e-01
5.551606296789476e-01
5.593960568927937e-01
5.636208338659137e-01
5.678345453803435e-01
5.720367805774338e-01
5.762271329941198e-01
5.804052005957079e-01
5.845705858052428e-01
5.887228955295248e-01
5.928617411818469e-01
5.969867387015211e-01
6.010975085702724e-01
6.051936758255708e-01
6.092748700709818e-01
6.133407254836118e-01
6.173908808187288e-01
6.214249794116382e-01
6.254426691768951e-01
6.294436026049366e-01
6.334274367562159e-01
6.373938332529205e-01
6.413424582683612e-01
6.452729825141135e-01
6.491850812249957e-01
6.530784341419706e-01
6.569527254930494e-01
6.608076439722876e-01
6.646428827169532e-01
6.684581392829488e-01
6.722531156185748e-01
6.760275180367098e-01
6.797810571854943e-01
6.835134480175945e-01
6.872244097581267e-01
6.909136658713213e-01
6.945809440260017e-01
6.982259760599570e-01
7.018484979432799e-01
7.054482497407460e-01
7.090249755733061e-01
7.125784235787602e-01
7.161083458716861e-01
7.196144985026874e-01
7.230966414170279e-01
7.265545384127178e-01
7.299879570981144e-01
7.333966688490969e-01
7.367804487658782e-01
7.401390756295082e-01
7.434723318581269e-01
7.467800034630212e-01
7.500618800045378e-01
7.533177545479026e-01
7.565474236189972e-01
7.597506871601372e-01
7.629273484859004e-01
7.660772142390473e-01
7.692000943465751e-01
7.722958019759469e-01
7.753641534915330e-01
7.784049684113008e-01
7.814180693637904e-01
7.844032820454060e-01
7.873604351780550e-01
7.902893604671674e-01
7.931898925601193e-01
7.960618690050904e-01
7.989051302103771e-01
8.017195194041887e-01
8.045048825949429e-01
8.072610685320858e-01
8.099879286674520e-01
8.126853171171831e-01
8.153530906242197e-01
8.179911085213829e-01
8.205992326950563e-01
8.231773275494816e-01
8.257252599716778e-01
8.282428992969942e-01
8.307301172753042e-01
8.331867880378458e-01
8.356127880647188e-01
8.380079961530382e-01
8.403722933857517e-01
8.427055631011213e-01
8.450076908628735e-01
8.472785644310151e-01
8.495180737333199e-01
8.517261108374797e-01
8.539025699239235e-01
8.560473472592982e-01
8.581603411706106e-01
8.602414520200251e-01
8.622905821803155e-01
8.643076360109618e-01
8.662925198348901e-01
8.682451419158481e-01
8.701654124364103e-01
8.720532434766045e-01
8.739085489931544e-01
8.757312447993282e-01
8.775212485453873e-01
8.792784796996245e-01
8.810028595299854e-01
8.826943110862607e-01
8.843527591828443e-01
8.859781303820428e-01
8.875703529779316e-01
8.891293569807451e-01
8.906550741017909e-01
8.921474377388785e-01
8.936063829622544e-01
8.950318465010287e-01
8.964237667300893e-01
8.977820836574864e-01
8.991067389122834e-01
9.003976757328607e-01
9.016548389556620e-01
9.028781750043753e-01
9.040676318795368e-01
9.052231591485476e-01
9.063447079360950e-01
9.074322309149679e-01
9.084856822972560e-01
9.095050178259246e-01
9.104901947667565e-01
9.114411719006493e-01
9.123579095162621e-01
9.132403694030015e-01
9.140885148443395e-01
9.149023106114541e-01
9.156817229571855e-01
9.164267196103000e-01
9.171372697700535e-01
9.178133441010500e-01
9.184549147283844e-01
9.190619552330660e-01
9.196344406477159e-01
9.201723474525306e-01
9.206756535715079e-01
9.211443383689297e-01
9.215783826460950e-01
9.219777686383002e-01
9.223424800120602e-01
9.226725018625683e-01
9.229678207113894e-01
9.232284245043839e-01
9.234543026098584e-01
9.236454458169409e-01
9.238018463341781e-01
9.239234977883514e-01
9.240103952235120e-01
9.240625351002306e-01
9.240799152950632e-01
9.240625351002306e-01
9.240103952235120e-01
9.239234977883514e-01
9.238018463341781e-01
9.236454458169409e-01
9.234543026098584e-01
9.232284245043839e-01
9.229678207113894e-01
9.226725018625683e-01
9.223424800120602e-01
9.219777686383002e-01
9.215783826460950e-01
9.211443383689297e-01
9.206756535715079e-01
9.201723474525306e-01
9.196344406477159e-01
9.190619552330660e-01
9.184549147283844e-01
9.178133441010500e-01
9.171372697700535e-01
9.164267196103000e-01
9.156817229571855e-01
9.149023106114541e-01
9.140885148443395e-01
9.132403694030015e-01
9.123579095162621e-01
9.114411719006493e-01
9.104901947667565e-01
9.095050178259246e-01
9.084856822972560e-01
9.074322309149679e-01
9.063447079360950e-01
9.052231591485476e-01
9.040676318795368e-01
9.028781750043753e-01
9.016548389556620e-01
9.003976757328607e-01
8.991067389122834e-01
8.977820836574864e-01
8.964237667300893e-01
8.950318465010287e-01
8.936063829622544e-01
8.921474377388785e-01
8.906550741017909e-01
8.891293569807451e-01
8.875703529779316e-01
8.859781303820428e-01
8.843527591828443e-01
8.826943110862607e-01
8.810028595299854e-01
8.792784796996245e-01
8.775212485453873e-01
8.757312447993282e-01
8.739085489931544e-01
8.720532434766045e-01
8.701654124364103e-01
8.682451419158481e-01
8.662925198348901e-01
8.643076360109618e-01
8.622905821803155e-01
8.602414520200251e-01
8.581603411706106e-01
8.560473472592982e-01
8.539025699239235e-01
8.517261108374798e-01
8.495180737333200e-01
8.472785644310152e-01
8.450076908628736e-01
8.427055631011214e-01
8.403722933857518e-01
8.380079961530383e-01
8.356127880647189e-01
8.331867880378460e-01
8.307301172753043e-01
8.282428992969944e-01
8.257252599716779e-01
8.231773275494817e-01
8.205992326950564e-01
8.179911085213830e-01
8.153530906242198e-01
8.126853171171832e-01
8.099879286674521e-01
8.072610685320859e-01
8.045048825949430e-01
8.017195194041888e-01
7.989051302103772e-01
7.960618690050905e-01
7.931898925601194e-01
7.902893604671675e-01
7.873604351780551e-01
7.844032820454061e-01
7.814180693637905e-01
7.784049684113009e-01
7.753641534915331e-01
7.722958019759470e-01
7.692000943465752e-01
7.660772142390474e-01
7.629273484859005e-01
7.597506871601373e-01
7.565474236189973e-01
7.533177545479027e-01
7.500618800045379e-01
7.467800034630213e-01
7.434723318581270e-01
7.401390756295083e-01
7.367804487658783e-01
7.333966688490970e-01
7.299879570981145e-01
7.265545384127179e-01
7.230966414170280e-01
7.196144985026875e-01
7.161083458716863e-01
7.125784235787603e-01
7.090249755733062e-01
7.054482497407462e-01
7.018484979432800e-01
6.982259760599571e-01
6.945809440260018e-01
6.909136658713214e-01
6.872244097581268e-01
6.835134480175946e-01
6.797810571854944e-01
6.760275180367099e-01
6.722531156185749e-01
6.684581392829489e-01
6.646428827169533e-01
6.608076439722878e-01
6.569527254930495e-01
6.530784341419708e-01
6.491850812249959e-01
6.452729825141136e-01
6.413424582683613e-01
6.373938332529206e-01
6.334274367562160e-01
6.294436026049367e-01
6.254426691768952e-01
6.214249794116383e-01
6.173908808187289e-01
6.133407254836120e-01
6.092748700709819e-01
6.051936758255709e-01
6.010975085702726e-01
5.969867387015212e-01
5.928617411818470e-01
5.887228955295249e-01
5.845705858052429e-01
5.804052005957080e-01
5.762271329941199e-01
5.720367805774339e-01
5.678345453803436e-01
5.636208338659138e-01
5.593960568927938e-01
5.551606296789477e-01
5.509149717618378e-01
5.466595069549990e-01
5.423946633009493e-01
5.381208730203793e-01
5.338385724575698e-01
5.295482020219889e-01
5.252502061260215e-01
5.209450331187930e-01
5.166331352160453e-01
5.123149684260320e-01
5.079909924714039e-01
5.036616707070556e-01
4.993274700339125e-01
4.949888608086403e-01
4.906463167492627e-01
4.863003148366795e-01
4.819513352120785e-01
4.775998610702453e-01
4.732463785487728e-01
4.688913766131825e-01
4.645353469379733e-01
4.601787837836172e-01
4.558221838695287e-01
4.514660462430388e-01
4.471108721444095e-01
4.427571648679315e-01
4.384054296191519e-01
4.340561733682856e-01
4.297099046998673e-01
4.253671336587104e-01
4.210283715922398e-01
4.166941309892757e-01
4.123649253153486e-01
4.080412688446314e-01
4.037236764885803e-01
3.994126636213838e-01
3.951087459023190e-01
3.908124390951272e-01
3.865242588845200e-01
3.822447206899350e-01
3.779743394766669e-01
3.737136295644995e-01
3.694631044339778e-01
3.652232765304534e-01
3.609946570660523e-01
3.567777558197093e-01
3.525730809354252e-01
3.483811387189004e-01
3.442024334327105e-01
3.400374670901844e-01
3.358867392481590e-01
3.317507467987794e-01
3.276299837605222e-01
3.235249410686222e-01
3.194361063650836e-01
3.153639637884617e-01
3.113089937636023e-01
3.072716727915294e-01
3.032524732396738e-01
2.992518631326350e-01
2.952703059436740e-01
2.913082603871328e-01
2.873661802119787e-01
2.834445139966725e-01
2.795437049455590e-01
2.756641906869813e-01
2.718064030733158e-01
2.679707679831291e-01
2.641577051256539e-01
2.603676278477828e-01
2.566009429437756e-01
2.528580504678747e-01
2.491393435500235e-01
2.454452082148768e-01
2.417760232042932e-01
2.381321598034957e-01
2.345139816710835e-01
2.309218446730748e-01
2.273560967211577e-01
2.238170776153219e-01
2.203051188910400e-01
2.168205436711625e-01
2.133636665226881e-01
2.099347933185622e-01
2.065342211046562e-01
2.031622379720712e-01
1.998191229349055e-01
1.965051458136209e-01
1.932205671241337e-01
1.899656379727545e-01
1.867405999570894e-01
1.835456850730140e-01
1.803811156278202e-01
1.772471041596329e-01
1.741438533631830e-01
1.710715560220196e-01
1.680303949472336e-01
1.650205429227596e-01
1.620421626573160e-01
1.590954067430321e-01
1.561804176208083e-01
1.532973275524429e-01
1.504462585995553e-01
1.476273226093238e-01
1.448406212070516e-01
1.420862457955635e-01
1.393642775614315e-01
1.366747874880155e-01
1.340178363753008e-01
1.313934748665045e-01
1.288017434814149e-01
1.262426726564214e-01
1.237162827911836e-01
1.212225843018815e-01
1.187615776809799e-01
1.163332535634347e-01
1.139375927992595e-01
1.115745665323646e-01
1.092441362855743e-01
1.069462540517191e-01
1.046808623906964e-01
1.024478945323824e-01
1.002472744852759e-01
9.807891715074438e-02
9.594272844274136e-02
9.383860541285331e-02
9.176643638053338e-02
8.972610106837102e-02
8.771747074224288e-02
8.574040835618499e-02
8.379476870182219e-02
8.188039856218617e-02
7.999713686974945e-02
7.814481486849911e-02
7.632325627987049e-02
7.453227747235784e-02
7.277168763461607e-02
7.104128895186515e-02
6.934087678540626e-02
6.767023985505687e-02
6.602916042430988e-02
6.441741448802103e-02
6.283477196242687e-02
6.128099687729544e-02
5.975584757001034e-02
5.825907688138952e-02
5.679043235303925e-02
5.534965642604422e-02
5.393648664079567e-02
5.255065583775938e-02
5.119189235898725e-02
4.985992025017688e-02
4.855445946308573e-02
4.727522605810750e-02
4.602193240682138e-02
4.479428739432627e-02
4.359199662117538e-02
4.241476260472871e-02
4.126228497974460e-02
4.013426069803414e-02
3.903038422700620e-02
3.795034774693400e-02
3.689384134677839e-02
3.586055321840653e-02
3.485016984904937e-02
3.386237621184512e-02
3.289685595432078e-02
3.195329158466823e-02
3.103136465567607e-02
3.013075594618365e-02
2.925114563992809e-02
2.839221350166088e-02
2.755363905041526e-02
2.673510172981127e-02
2.593628107529039e-02
2.515685687817732e-02
2.439650934647181e-02
2.365491926227895e-02
2.293176813579193e-02
2.222673835574668e-02
2.153951333627373e-02
2.086977766007771e-02
2.021721721788091e-02
1.958151934407276e-02
1.896237294851245e-02
1.835946864443775e-02
1.777249887243820e-02
1.720115802045663e-02
1.664514253978802e-02
1.610415105705024e-02
1.557788448210625e-02
1.506604611192278e-02
1.456834173035521e-02
1.408447970385366e-02
1.361417107309006e-02
1.315712964051075e-02
1.271307205382378e-02
1.228171788543483e-02
1.186278970784979e-02
1.145601316506672e-02
1.106111703998377e-02
1.067783331785387e-02
1.030589724582090e-02
9.945047388575752e-03
9.595025680174386e-03
9.255577472063506e-03
8.926451577362679e-03
8.607400311455101e-03
8.298179528942096e-03
7.998548657019426e-03
7.708270725336146e-03
7.427112392399396e-03
7.154843968590882e-03
6.891239435863115e-03
6.636076464185551e-03
6.389136424812806e-03
6.150204400448858e-03
5.919069192382852e-03
5.695523324673619e-03
5.479363045461388e-03
5.270388325486366e-03
5.068402853894947e-03
4.873214031415223e-03
4.684632960984252e-03
4.502474435910206e-03
4.326556925652987e-03
4.156702559307340e-03
3.992737106872672e-03
3.834489958393967e-03
3.681794101058166e-03
3.534486094330245e-03
3.392406043213029e-03
3.255397569714407e-03
3.123307782605179e-03
2.995987245550196e-03
2.873289943694823e-03
2.755073248787983e-03
2.641197882922214e-03
2.531527880970246e-03
2.425930551796592e-03
2.324276438321543e-03
2.226439276513849e-03
2.132295953387060e-03
2.041726464073278e-03
1.954613868046666e-03
1.870844244567666e-03
1.790306647417408e-03
1.712893058990271e-03
1.638498343811010e-03
1.567020201541242e-03
1.498359119538468e-03
1.432418325029124e-03
1.369103736955475e-03
1.308323917554401e-03
1.249990023724449e-03
1.194015758235687e-03
1.140317320835183e-03
1.088813359299108e-03
1.039424920480687e-03
9.920754014014152e-04
9.466905004311628e-04
9.031981686010050e-04
8.615285610907960e-04
8.216139889317528e-04
7.833888709625228e-04
7.467896860754537e-04
7.117549257880405e-04
6.782250471727965e-04
6.461424261770855e-04
6.154513113627720e-04
5.860977780938758e-04
5.580296831987918e-04
5.311966201320173e-04
5.055498746587543e-04
4.810423810842051e-04
4.576286790478591e-04
4.352648709015833e-04
4.139085796888849e-04
3.935189077412897e-04
3.740563959064086e-04
3.554829834209176e-04
3.377619684403746e-04
3.208579692365281e-04
3.047368860715479e-04
2.893658637574170e-04
2.747132549075782e-04
2.607485838868179e-04
2.474425114643033e-04
2.347668001736590e-04
2.226942803829825e-04
2.111988170767491e-04
2.002552773506506e-04
1.898394986195409e-04
1.799282575378379e-04
1.704992396309386e-04
1.615310096354549e-04
1.530029825453682e-04
1.448953953605251e-04
1.371892795332617e-04
1.298664341083461e-04
1.229093995508648e-04
1.163014322561539e-04
1.100264797353835e-04
1.040691564699470e-04
9.841472042738467e-05
9.304905023118035e-05
8.795862297641151e-05
8.313049268290805e-05
7.855226937727793e-05
7.421209879489317e-05
7.009864269269178e-05
6.620105976344331e-05
6.250898714194383e-05
5.901252249345186e-05
5.570220667454699e-05
5.256900695648937e-05
4.960430080107713e-05
4.679986017894218e-05
4.414783642018960e-05
4.164074558727258e-05
3.927145436000210e-05
3.703316642261742e-05
3.491940934289002e-05
3.292402193329756e-05
3.104114208438690e-05
2.926519506054313e-05
2.759088224849714e-05
2.601317034903329e-05
2.452728100250381e-05
2.312868083891468e-05
2.181307194351927e-05
2.057638272903999e-05
1.941475920583445e-05
1.832455664152948e-05
1.730233160186447e-05
1.634483436471329e-05
1.544900169949183e-05
1.461195000440412e-05
1.383096879423556e-05
1.310351453166401e-05
1.242720479533011e-05
1.179981277818543e-05
1.121926210992067e-05
1.068362199756602e-05
1.019110267865149e-05
9.740051181615430e-06
9.328947388455295e-06
8.956400394924837e-06
8.621145163895960e-06
8.322039467820242e-06
8.058061116572120e-06
7.828305466979374e-06
7.631983212869223e-06
7.468418448323041e-06
7.337046991205718e-06
7.237413277824477e-06
7.169223438549358e-06
7.131465608529535e-06
