4.484342969850371e-07
8.986429249930176e-07
1.352405579558937e-06
1.811512695713160e-06
2.277770843912704e-06
2.753008157407976e-06
3.239079801548649e-06
3.737873495553774e-06
4.251315097297845e-06
4.781374261696198e-06
5.330070183309652e-06
5.899477433829667e-06
6.491731905151009e-06
7.109036868789152e-06
7.753669162453752e-06
8.427985514647554e-06
9.134429018221538e-06
9.875535763881801e-06
1.065394164471106e-05
1.147238934283765e-05
1.233373550945680e-05
1.324095814948269e-05
1.419716422218435e-05
1.520559746923434e-05
1.626964648167456e-05
1.739285301737909e-05
1.857892058066870e-05
1.983172327580468e-05
2.115531494616101e-05
2.255393861094229e-05
2.403203621138050e-05
2.559425867840479e-05
2.724547633383562e-05
2.899078963720596e-05
3.083554029035781e-05
3.278532271200127e-05
3.484599589445434e-05
3.702369565480475e-05
3.932484729274885e-05
4.175617866736638e-05
4.432473370508293e-05
4.703788635105352e-05
4.990335497616925e-05
5.292921725184436e-05
5.612392550468276e-05
5.949632256304799e-05
6.305565810747096e-05
6.681160553672248e-05
7.077427936125110e-05
7.495425313554413e-05
7.936257794080336e-05
8.401080142914340e-05
8.891098744031208e-05
9.407573620170338e-05
9.951820512217886e-05
1.052521301899361e-04
1.112918479843569e-04
1.176523183114391e-04
1.243491474720564e-04
1.313986121719046e-04
1.388176840815755e-04
1.466240550547556e-04
1.548361630120674e-04
1.634732184975632e-04
1.725552319143390e-04
1.821030414451621e-04
1.921383416633937e-04
2.026837128388484e-04
2.137626509425473e-04
2.253995983536103e-04
2.376199752707772e-04
2.504502118302602e-04
2.639177809307998e-04
2.780512317659352e-04
2.928802240625900e-04
3.084355630241391e-04
3.247492349751327e-04
3.418544437038402e-04
3.597856474977120e-04
3.785785968657590e-04
3.982703729407145e-04
4.188994265526613e-04
4.405056179645943e-04
4.631302572591363e-04
4.868161453643250e-04
5.116076157050713e-04
5.375505764655117e-04
5.646925534460832e-04
5.930827334977059e-04
6.227720085139908e-04
6.538130199608839e-04
6.862602039216164e-04
7.201698366332720e-04
7.556000804896730e-04
7.926110304836694e-04
8.312647610602603e-04
8.716253733503012e-04
9.137590427528460e-04
9.577340668324631e-04
1.003620913496109e-03
1.051492269412405e-03
1.101423088634379e-03
1.153490641384948e-03
1.207774562962659e-03
1.264356902723348e-03
1.323322173091636e-03
1.384757398554338e-03
1.448752164586077e-03
1.515398666455592e-03
1.584791757859450e-03
1.657028999328083e-03
1.732210706347321e-03
1.810439997136863e-03
1.891822840025358e-03
1.976468100360152e-03
2.064487586888018e-03
2.155996097541608e-03
2.251111464564753e-03
2.349954598908182e-03
2.452649533825748e-03
2.559323467599755e-03
2.670106805322648e-03
2.785133199660881e-03
2.904539590525632e-03
3.028466243573676e-03
3.157056787460720e-03
3.290458249768320e-03
3.428821091524617e-03
3.572299240238141e-03
3.721050121363164e-03
3.875234688114352e-03
4.035017449547820e-03
4.200566496825211e-03
4.372053527576935e-03
4.549653868280449e-03
4.733546494569241e-03
4.923914049388063e-03
5.120942858910038e-03
5.324822946131434e-03
5.535748042060088e-03
5.753915594414013e-03
5.979526773747173e-03
6.212786476920119e-03
6.453903327834029e-03
6.703089675347611e-03
6.960561588297486e-03
7.226538847543888e-03
7.501244934964927e-03
7.784907019324228e-03
8.077755938938433e-03
8.380026181072942e-03
8.691955857996224e-03
9.013786679625282e-03
9.345763922697063e-03
9.688136396403133e-03
1.004115640442757e-02
1.040507970333082e-02
1.078016545722506e-02
1.116667618868994e-02
1.156487772588054e-02
1.197503914578298e-02
1.239743271357650e-02
1.283233381806457e-02
1.328002090314146e-02
1.374077539526451e-02
1.421488162690646e-02
1.470262675596671e-02
1.520430068112412e-02
1.572019595311917e-02
1.625060768195718e-02
1.679583344002965e-02
1.735617316115493e-02
1.793192903554503e-02
1.852340540070967e-02
1.913090862831449e-02
1.975474700701485e-02
2.039523062129245e-02
2.105267122632696e-02
2.172738211894042e-02
2.241967800465756e-02
2.312987486093059e-02
2.385828979658274e-02
2.460524090753020e-02
2.537104712884768e-02
2.615602808324844e-02
2.696050392605539e-02
2.778479518674501e-02
2.862922260715185e-02
2.949410697642659e-02
3.037976896284640e-02
3.128652894258136e-02
3.221470682552667e-02
3.316462187831522e-02
3.413659254463058e-02
3.513093626294551e-02
3.614796928181635e-02
3.718800647286837e-02
3.825136114161219e-02
3.933834483623588e-02
4.044926715452241e-02
4.158443554904583e-02
4.274415513080455e-02
4.392872847145375e-02
4.513845540430313e-02
4.637363282424987e-02
4.763455448682019e-02
4.892151080649670e-02
5.023478865451100e-02
5.157467115628499e-02
5.294143748870640e-02
5.433536267742659e-02
5.575671739437153e-02
5.720576775565777e-02
5.868277512010831e-02
6.018799588856357e-02
6.172168130418494e-02
6.328407725394850e-02
6.487542407152784e-02
6.649595634176503e-02
6.814590270692909e-02
6.982548567496116e-02
7.153492142990481e-02
7.327441964472027e-02
7.504418329667900e-02
7.684440848553466e-02
7.867528425466491e-02
8.053699241537647e-02
8.242970737456340e-02
8.435359596590702e-02
8.630881728480219e-02
8.829552252719255e-02
9.031385483249332e-02
9.236394913077746e-02
9.444593199439622e-02
9.655992149420241e-02
9.870602706053877e-02
1.008843493491505e-01
1.030949801121755e-01
1.053380020743615e-01
1.076134888146519e-01
1.099215046532803e-01
1.122621045445043e-01
1.146353339751036e-01
1.170412288687656e-01
1.194798154964679e-01
1.219511103929670e-01
1.244551202794936e-01
1.269918419927452e-01
1.295612624202651e-01
1.321633584422852e-01
1.347980968801038e-01
1.374654344510639e-01
1.401653177301873e-01
1.428976831185150e-01
1.456624568181933e-01
1.484595548143403e-01
1.512888828637183e-01
1.541503364902292e-01
1.570438009872432e-01
1.599691514267624e-01
1.629262526754134e-01
1.659149594172542e-01
1.689351161833749e-01
1.719865573882604e-01
1.750691073728793e-01
1.781825804544522e-01
1.813267809828472e-01
1.845015034035410e-01
1.877065323270792e-01
1.909416426049574e-01
1.942065994118428e-01
1.975011583340446e-01
2.008250654641380e-01
2.041780575016356e-01
2.075598618595977e-01
2.109701967770639e-01
2.144087714371826e-01
2.178752860909093e-01
2.213694321861381e-01
2.248908925021265e-01
2.284393412890661e-01
2.320144444126474e-01
2.356158595034646e-01
2.392432361110955e-01
2.428962158626947e-01
2.465744326259264e-01
2.502775126760660e-01
2.540050748670922e-01
2.577567308065867e-01
2.615320850342610e-01
2.653307352039196e-01
2.691522722686741e-01
2.729962806692120e-01
2.768623385249320e-01
2.807500178277440e-01
2.846588846383433e-01
2.885884992847557e-01
2.925384165629595e-01
2.965081859393803e-01
3.004973517550636e-01
3.045054534313226e-01
3.085320256766627e-01
3.125765986947843e-01
3.166386983934667e-01
3.207178465941350e-01
3.248135612419159e-01
3.289253566159870e-01
3.330527435400311e-01
3.371952295926010e-01
3.413523193172133e-01
3.455235144319814e-01
3.497083140386087e-01
3.539062148305626e-01
3.581167113002541e-01
3.623392959450497e-01
3.665734594719494e-01
3.708186910007650e-01
3.750744782656374e-01
3.793403078147395e-01
3.836156652080097e-01
3.879000352127702e-01
3.921929019970879e-01
3.964937493207386e-01
4.008020607236427e-01
4.051173197116433e-01
4.094390099395054e-01
4.137666153910164e-01
4.180996205560776e-01
4.224375106046784e-01
4.267797715576517e-01
4.311258904541153e-01
4.354753555155076e-01
4.398276563061330e-01
4.441822838901375e-01
4.485387309848413e-01
4.528964921103575e-01
4.572550637354384e-01
4.616139444194873e-01
4.659726349506891e-01
4.703306384802093e-01
4.746874606524229e-01
4.790426097311378e-01
4.833955967217829e-01
4.877459354895340e-01
4.920931428733629e-01
4.964367387959903e-01
5.007762463697354e-01
5.051111919982599e-01
5.094411054742025e-01
5.137655200727150e-01
5.180839726409048e-01
5.223960036831998e-01
5.267011574426591e-01
5.309989819782429e-01
5.352890292380820e-01
5.395708551287660e-01
5.438440195806932e-01
5.481080866095193e-01
5.523626243737458e-01
5.566072052284969e-01
5.608414057755321e-01
5.650648069095493e-01
5.692769938608311e-01
5.734775562342957e-01
5.776660880450117e-01
5.818421877502411e-01
5.860054582780759e-01
5.901555070527397e-01
5.942919460166182e-01
5.984143916490985e-01
6.025224649822873e-01
6.066157916136822e-01
6.106940017158778e-01
6.147567300433830e-01
6.188036159366257e-01
6.228343033232340e-01
6.268484407166668e-01
6.308456812122815e-01
6.348256824809201e-01
6.387881067600995e-01
6.427326208428845e-01
6.466588960645335e-01
6.505666082869981e-01
6.544554378813614e-01
6.583250697082993e-01
6.621751930966467e-01
6.660055018201568e-01
6.698156940725297e-01
6.736054724407989e-01
6.773745438771530e-01
6.811226196692770e-01
6.848494154092899e-01
6.885546509613594e-01
6.922380504280743e-01
6.958993421156459e-01
6.995382584980190e-01
7.031545361799652e-01
7.067479158592327e-01
7.103181422878234e-01
7.138649642324674e-01
7.173881344343663e-01
7.208874095682704e-01
7.243625502009571e-01
7.278133207491729e-01
7.312394894371052e-01
7.346408282534408e-01
7.380171129080726e-01
7.413681227885132e-01
7.446936409160679e-01
7.479934539018240e-01
7.512673519025073e-01
7.545151285762559e-01
7.577365810383634e-01
7.609315098170313e-01
7.640997188091847e-01
7.672410152363855e-01
7.703552096008939e-01
7.734421156419080e-01
7.765015502920281e-01
7.795333336339776e-01
7.825372888576143e-01
7.855132422172677e-01
7.884610229894309e-01
7.913804634308377e-01
7.942713987369534e-01
7.971336670009012e-01
7.999671091728540e-01
8.027715690199126e-01
8.055468930864899e-01
8.082929306552212e-01
8.110095337084235e-01
8.136965568901132e-01
8.163538574686040e-01
8.189812952996973e-01
8.215787327904742e-01
8.241460348637082e-01
8.266830689229003e-01
8.291897048179536e-01
8.316658148114877e-01
8.341112735458051e-01
8.365259580105143e-01
8.389097475108107e-01
8.412625236364234e-01
8.435841702312271e-01
8.458745733635231e-01
8.481336212969874e-01
8.503612044622899e-01
8.525572154293777e-01
8.547215488804284e-01
8.568541015834632e-01
8.589547723666215e-01
8.610234620930930e-01
8.630600736366993e-01
8.650645118581252e-01
8.670366835817879e-01
8.689764975733439e-01
8.708838645178241e-01
8.727586969983879e-01
8.746009094756938e-01
8.764104182678751e-01
8.781871415311138e-01
8.799309992408020e-01
8.816419131732862e-01
8.833198068881828e-01
8.849646057112524e-01
8.865762367178310e-01
8.881546287168015e-01
8.896997122350994e-01
8.912114195027413e-01
8.926896844383649e-01
8.941344426352755e-01
8.955456313479825e-01
8.969231894792177e-01
8.982670575674300e-01
8.995771777747382e-01
9.008534938753374e-01
9.020959512443477e-01
9.033044968470949e-01
9.044790792288119e-01
9.056196485047530e-01
9.067261563507103e-01
9.077985559939242e-01
9.088368022043749e-01
9.098408512864494e-01
9.108106610709739e-01
9.117461909076007e-01
9.126474016575437e-01
9.135142556866527e-01
9.143467168588169e-01
9.151447505296925e-01
9.159083235407448e-01
9.166374042135956e-01
9.173319623446741e-01
9.179919692001562e-01
9.186173975111936e-01
9.192082214694202e-01
9.197644167227329e-01
9.202859603713398e-01
9.207728309640711e-01
9.212250084949437e-01
9.216424743999818e-01
9.220252115542804e-01
9.223732042693153e-01
9.226864382904879e-01
9.229649007949079e-01
9.232085803894052e-01
9.234174671087727e-01
9.235915524142331e-01
9.237308291921288e-01
9.238352917528356e-01
9.239049358298925e-01
9.239397585793537e-01
9.239397585793537e-01
9.239049358298925e-01
9.238352917528356e-01
9.237308291921289e-01
9.235915524142334e-01
9.234174671087729e-01
9.232085803894053e-01
9.229649007949080e-01
9.226864382904880e-01
9.223732042693155e-01
9.220252115542803e-01
9.216424743999818e-01
9.212250084949438e-01
9.207728309640711e-01
9.202859603713398e-01
9.197644167227330e-01
9.192082214694204e-01
9.186173975111940e-01
9.179919692001566e-01
9.173319623446745e-01
9.166374042135962e-01
9.159083235407453e-01
9.151447505296930e-01
9.143467168588171e-01
9.135142556866528e-01
9.126474016575437e-01
9.117461909076005e-01
9.108106610709736e-01
9.098408512864493e-01
9.088368022043748e-01
9.077985559939242e-01
9.067261563507105e-01
9.056196485047531e-01
9.044790792288123e-01
9.033044968470956e-01
9.020959512443483e-01
9.008534938753379e-01
8.995771777747387e-01
8.982670575674305e-01
8.969231894792181e-01
8.955456313479829e-01
8.941344426352760e-01
8.926896844383650e-01
8.912114195027413e-01
8.896997122350996e-01
8.881546287168014e-01
8.865762367178308e-01
8.849646057112521e-01
8.833198068881829e-01
8.816419131732864e-01
8.799309992408022e-01
8.781871415311140e-01
8.764104182678754e-01
8.746009094756940e-01
8.727586969983882e-01
8.708838645178242e-01
8.689764975733441e-01
8.670366835817880e-01
8.650645118581252e-01
8.630600736366993e-01
8.610234620930929e-01
8.589547723666214e-01
8.568541015834632e-01
8.547215488804283e-01
8.525572154293775e-01
8.503612044622896e-01
8.481336212969872e-01
8.458745733635229e-01
8.435841702312271e-01
8.412625236364234e-01
8.389097475108107e-01
8.365259580105142e-01
8.341112735458049e-01
8.316658148114877e-01
8.291897048179537e-01
8.266830689229003e-01
8.241460348637082e-01
8.215787327904742e-01
8.189812952996971e-01
8.163538574686038e-01
8.136965568901129e-01
8.110095337084231e-01
8.082929306552209e-01
8.055468930864893e-01
8.027715690199123e-01
7.999671091728535e-01
7.971336670009006e-01
7.942713987369530e-01
7.913804634308372e-01
7.884610229894304e-01
7.855132422172670e-01
7.825372888576136e-01
7.795333336339767e-01
7.765015502920273e-01
7.734421156419073e-01
7.703552096008932e-01
7.672410152363849e-01
7.640997188091840e-01
7.609315098170309e-01
7.577365810383627e-01
7.545151285762554e-01
7.512673519025067e-01
7.479934539018236e-01
7.446936409160674e-01
7.413681227885126e-01
7.380171129080723e-01
7.346408282534405e-01
7.312394894371049e-01
7.278133207491727e-01
7.243625502009570e-01
7.208874095682700e-01
7.173881344343660e-01
7.138649642324671e-01
7.103181422878232e-01
7.067479158592327e-01
7.031545361799650e-01
6.995382584980187e-01
6.958993421156454e-01
6.922380504280738e-01
6.885546509613589e-01
6.848494154092895e-01
6.811226196692763e-01
6.773745438771525e-01
6.736054724407984e-01
6.698156940725292e-01
6.660055018201565e-01
6.621751930966465e-01
6.583250697082990e-01
6.544554378813612e-01
6.505666082869976e-01
6.466588960645332e-01
6.427326208428841e-01
6.387881067600991e-01
6.348256824809198e-01
6.308456812122810e-01
6.268484407166663e-01
6.228343033232336e-01
6.188036159366254e-01
6.147567300433827e-01
6.106940017158776e-01
6.066157916136820e-01
6.025224649822873e-01
5.984143916490986e-01
5.942919460166183e-01
5.901555070527398e-01
5.860054582780760e-01
5.818421877502411e-01
5.776660880450118e-01
5.734775562342959e-01
5.692769938608312e-01
5.650648069095494e-01
5.608414057755322e-01
5.566072052284970e-01
5.523626243737461e-01
5.481080866095196e-01
5.438440195806935e-01
5.395708551287662e-01
5.352890292380822e-01
5.309989819782432e-01
5.267011574426594e-01
5.223960036832003e-01
5.180839726409051e-01
5.137655200727154e-01
5.094411054742028e-01
5.051111919982602e-01
5.007762463697356e-01
4.964367387959905e-01
4.920931428733631e-01
4.877459354895340e-01
4.833955967217829e-01
4.790426097311379e-01
4.746874606524230e-01
4.703306384802095e-01
4.659726349506892e-01
4.616139444194874e-01
4.572550637354384e-01
4.528964921103576e-01
4.485387309848414e-01
4.441822838901375e-01
4.398276563061331e-01
4.354753555155077e-01
4.311258904541155e-01
4.267797715576518e-01
4.224375106046784e-01
4.180996205560777e-01
4.137666153910164e-01
4.094390099395054e-01
4.051173197116433e-01
4.008020607236427e-01
3.964937493207386e-01
3.921929019970880e-01
3.879000352127702e-01
3.836156652080097e-01
3.793403078147397e-01
3.750744782656376e-01
3.708186910007653e-01
3.665734594719496e-01
3.623392959450498e-01
3.581167113002542e-01
3.539062148305626e-01
3.497083140386087e-01
3.455235144319813e-01
3.413523193172132e-01
3.371952295926009e-01
3.330527435400311e-01
3.289253566159871e-01
3.248135612419158e-01
3.207178465941349e-01
3.166386983934665e-01
3.125765986947841e-01
3.085320256766626e-01
3.045054534313226e-01
3.004973517550636e-01
2.965081859393803e-01
2.925384165629595e-01
2.885884992847558e-01
2.846588846383433e-01
2.807500178277441e-01
2.768623385249320e-01
2.729962806692120e-01
2.691522722686740e-01
2.653307352039195e-01
2.615320850342609e-01
2.577567308065867e-01
2.540050748670921e-01
2.502775126760660e-01
2.465744326259263e-01
2.428962158626947e-01
2.392432361110955e-01
2.356158595034646e-01
2.320144444126473e-01
2.284393412890660e-01
2.248908925021265e-01
2.213694321861380e-01
2.178752860909091e-01
2.144087714371825e-01
2.109701967770638e-01
2.075598618595975e-01
2.041780575016355e-01
2.008250654641379e-01
1.975011583340445e-01
1.942065994118427e-01
1.909416426049574e-01
1.877065323270792e-01
1.845015034035410e-01
1.813267809828471e-01
1.781825804544522e-01
1.750691073728793e-01
1.719865573882603e-01
1.689351161833748e-01
1.659149594172542e-01
1.629262526754134e-01
1.599691514267625e-01
1.570438009872433e-01
1.541503364902292e-01
1.512888828637184e-01
1.484595548143403e-01
1.456624568181933e-01
1.428976831185150e-01
1.401653177301873e-01
1.374654344510639e-01
1.347980968801038e-01
1.321633584422852e-01
1.295612624202651e-01
1.269918419927451e-01
1.244551202794935e-01
1.219511103929670e-01
1.194798154964678e-01
1.170412288687656e-01
1.146353339751036e-01
1.122621045445043e-01
1.099215046532803e-01
1.076134888146519e-01
1.053380020743615e-01
1.030949801121755e-01
1.008843493491505e-01
9.870602706053877e-02
9.655992149420238e-02
9.444593199439617e-02
9.236394913077743e-02
9.031385483249328e-02
8.829552252719251e-02
8.630881728480214e-02
8.435359596590698e-02
8.242970737456337e-02
8.053699241537643e-02
7.867528425466488e-02
7.684440848553462e-02
7.504418329667896e-02
7.327441964472024e-02
7.153492142990478e-02
6.982548567496112e-02
6.814590270692907e-02
6.649595634176501e-02
6.487542407152783e-02
6.328407725394847e-02
6.172168130418492e-02
6.018799588856354e-02
5.868277512010826e-02
5.720576775565774e-02
5.575671739437149e-02
5.433536267742656e-02
5.294143748870637e-02
5.157467115628499e-02
5.023478865451100e-02
4.892151080649670e-02
4.763455448682019e-02
4.637363282424985e-02
4.513845540430313e-02
4.392872847145375e-02
4.274415513080454e-02
4.158443554904581e-02
4.044926715452239e-02
3.933834483623586e-02
3.825136114161218e-02
3.718800647286838e-02
3.614796928181636e-02
3.513093626294551e-02
3.413659254463060e-02
3.316462187831523e-02
3.221470682552666e-02
3.128652894258135e-02
3.037976896284639e-02
2.949410697642659e-02
2.862922260715184e-02
2.778479518674502e-02
2.696050392605540e-02
2.615602808324845e-02
2.537104712884769e-02
2.460524090753021e-02
2.385828979658275e-02
2.312987486093061e-02
2.241967800465757e-02
2.172738211894043e-02
2.105267122632696e-02
2.039523062129245e-02
1.975474700701485e-02
1.913090862831449e-02
1.852340540070968e-02
1.793192903554503e-02
1.735617316115493e-02
1.679583344002964e-02
1.625060768195718e-02
1.572019595311917e-02
1.520430068112412e-02
1.470262675596671e-02
1.421488162690646e-02
1.374077539526451e-02
1.328002090314146e-02
1.283233381806457e-02
1.239743271357650e-02
1.197503914578299e-02
1.156487772588055e-02
1.116667618868995e-02
1.078016545722506e-02
1.040507970333082e-02
1.004115640442757e-02
9.688136396403133e-03
9.345763922697065e-03
9.013786679625284e-03
8.691955857996226e-03
8.380026181072944e-03
8.077755938938433e-03
7.784907019324228e-03
7.501244934964927e-03
7.226538847543888e-03
6.960561588297486e-03
6.703089675347611e-03
6.453903327834029e-03
6.212786476920118e-03
5.979526773747172e-03
5.753915594414013e-03
5.535748042060088e-03
5.324822946131433e-03
5.120942858910038e-03
4.923914049388063e-03
4.733546494569243e-03
4.549653868280450e-03
4.372053527576936e-03
4.200566496825213e-03
4.035017449547823e-03
3.875234688114355e-03
3.721050121363167e-03
3.572299240238143e-03
3.428821091524620e-03
3.290458249768323e-03
3.157056787460723e-03
3.028466243573680e-03
2.904539590525635e-03
2.785133199660883e-03
2.670106805322650e-03
2.559323467599758e-03
2.452649533825750e-03
2.349954598908184e-03
2.251111464564754e-03
2.155996097541609e-03
2.064487586888019e-03
1.976468100360153e-03
1.891822840025359e-03
1.810439997136863e-03
1.732210706347322e-03
1.657028999328083e-03
1.584791757859451e-03
1.515398666455593e-03
1.448752164586077e-03
1.384757398554338e-03
1.323322173091636e-03
1.264356902723348e-03
1.207774562962659e-03
1.153490641384948e-03
1.101423088634378e-03
1.051492269412405e-03
1.003620913496109e-03
9.577340668324628e-04
9.137590427528459e-04
8.716253733503011e-04
8.312647610602603e-04
7.926110304836694e-04
7.556000804896731e-04
7.201698366332722e-04
6.862602039216165e-04
6.538130199608840e-04
6.227720085139910e-04
5.930827334977060e-04
5.646925534460832e-04
5.375505764655115e-04
5.116076157050710e-04
4.868161453643248e-04
4.631302572591360e-04
4.405056179645940e-04
4.188994265526610e-04
3.982703729407143e-04
3.785785968657588e-04
3.597856474977118e-04
3.418544437038400e-04
3.247492349751324e-04
3.084355630241389e-04
2.928802240625897e-04
2.780512317659349e-04
2.639177809307995e-04
2.504502118302599e-04
2.376199752707770e-04
2.253995983536101e-04
2.137626509425471e-04
2.026837128388482e-04
1.921383416633935e-04
1.821030414451619e-04
1.725552319143388e-04
1.634732184975630e-04
1.548361630120672e-04
1.466240550547554e-04
1.388176840815753e-04
1.313986121719044e-04
1.243491474720562e-04
1.176523183114389e-04
1.112918479843567e-04
1.052521301899359e-04
9.951820512217871e-05
9.407573620170323e-05
8.891098744031195e-05
8.401080142914329e-05
7.936257794080326e-05
7.495425313554402e-05
7.077427936125102e-05
6.681160553672238e-05
6.305565810747087e-05
5.949632256304790e-05
5.612392550468269e-05
5.292921725184429e-05
4.990335497616919e-05
4.703788635105345e-05
4.432473370508285e-05
4.175617866736631e-05
3.932484729274880e-05
3.702369565480470e-05
3.484599589445429e-05
3.278532271200121e-05
3.083554029035775e-05
2.899078963720590e-05
2.724547633383557e-05
2.559425867840474e-05
2.403203621138045e-05
2.255393861094225e-05
2.115531494616097e-05
1.983172327580464e-05
1.857892058066867e-05
1.739285301737906e-05
1.626964648167453e-05
1.520559746923431e-05
1.419716422218432e-05
1.324095814948266e-05
1.233373550945678e-05
1.147238934283763e-05
1.065394164471104e-05
9.875535763881786e-06
9.134429018221523e-06
8.427985514647542e-06
7.753669162453738e-06
7.109036868789140e-06
6.491731905150998e-06
5.899477433829658e-06
5.330070183309644e-06
4.781374261696190e-06
4.251315097297838e-06
3.737873495553767e-06
3.239079801548643e-06
2.753008157407972e-06
2.277770843912701e-06
1.811512695713157e-06
1.352405579558934e-06
8.986429249930163e-07
4.484342969850365e-07
