6.869059340057839e-06
6.899063166932780e-06
6.959175246112415e-06
7.049604688827723e-06
7.170665813191012e-06
7.322778926658805e-06
7.506471370888043e-06
7.722378830331903e-06
7.971246906256249e-06
8.253932958191224e-06
8.571408215164494e-06
8.924760159392912e-06
9.315195185437586e-06
9.744041538153192e-06
1.021275253308577e-05
1.072291006329355e-05
1.127622839688264e-05
1.187455826986304e-05
1.251989127924028e-05
1.321436458156369e-05
1.396026590245313e-05
1.476003886292248e-05
1.561628862860862e-05
1.653178788829998e-05
1.750948316843752e-05
1.855250149053328e-05
1.966415737871707e-05
2.084796022487943e-05
2.210762201912881e-05
2.344706545352224e-05
2.487043240726066e-05
2.638209282176282e-05
2.798665397424403e-05
2.968897015862750e-05
3.149415278280646e-05
3.340758089145332e-05
3.543491212373793e-05
3.758209411546908e-05
3.985537635531211e-05
4.226132250485862e-05
4.480682319243325e-05
4.749910929061380e-05
5.034576568751711e-05
5.335474556196014e-05
5.653438517264517e-05
5.989341917153802e-05
6.344099645160831e-05
6.718669653907988e-05
7.114054654029696e-05
7.531303865324711e-05
7.971514825369345e-05
8.435835256575636e-05
8.925464992664767e-05
9.441657965509698e-05
9.985724253281992e-05
1.055903219081609e-04
1.116301054307966e-04
1.179915074261124e-04
1.246900919175580e-04
1.317420963049530e-04
1.391644557063457e-04
1.469748279706292e-04
1.551916193676842e-04
1.638340109623518e-04
1.729219856780394e-04
1.824763560552227e-04
1.925187927095370e-04
2.030718534935394e-04
2.141590133655778e-04
2.258046949685188e-04
2.380342999203615e-04
2.508742408180068e-04
2.643519739546475e-04
2.784960327504073e-04
2.933360618949769e-04
3.089028522000752e-04
3.252283761586036e-04
3.423458242063650e-04
3.602896416811743e-04
3.790955664731098e-04
3.988006673585355e-04
4.194433830093620e-04
4.410635616678139e-04
4.637025014757355e-04
4.874029914461864e-04
5.122093530637616e-04
5.381674824987226e-04
5.653248934186281e-04
5.937307603797343e-04
6.234359627789684e-04
6.544931293457850e-04
6.869566831516906e-04
7.208828871136564e-04
7.563298899660548e-04
7.933577726741358e-04
8.320285952604122e-04
8.724064440136586e-04
9.145574790485255e-04
9.585499821820686e-04
1.004454405091744e-03
1.052343417717685e-03
1.102291956870289e-03
1.154377275002401e-03
1.208678989103536e-03
1.265279129671854e-03
1.324262189717744e-03
1.385715173751112e-03
1.449727646702650e-03
1.516391782727570e-03
1.585802413838517e-03
1.658057078312575e-03
1.733256068815541e-03
1.811502480184900e-03
1.892902256811190e-03
1.977564239555803e-03
2.065600212141536e-03
2.157124946950648e-03
2.252256250163526e-03
2.351115006169548e-03
2.453825221180224e-03
2.560514065973198e-03
2.671311917694369e-03
2.786352400643961e-03
2.905772425971152e-03
3.029712230200621e-03
3.158315412513249e-03
3.291728970702130e-03
3.430103335724053e-03
3.573592404765726e-03
3.722353572743182e-03
3.876547762152080e-03
4.036339451185993e-03
4.201896700039245e-03
4.373391175310416e-03
4.550998172422343e-03
4.734896635974226e-03
4.925269177941360e-03
5.122302093638043e-03
5.326185375359383e-03
5.537112723617977e-03
5.755281555891875e-03
5.980893012800774e-03
6.214151961628060e-03
6.455266997107155e-03
6.704450439391565e-03
6.961918329129143e-03
7.227890419562335e-03
7.502590165577551e-03
7.786244709628377e-03
8.079084864459050e-03
8.381345092556411e-03
8.693263482260648e-03
9.015081720467204e-03
9.347045061854620e-03
9.689402294575490e-03
1.004240570235036e-02
1.040631102290717e-02
1.078137740271176e-02
1.116786734793810e-02
1.156604667162999e-02
1.197618443700951e-02
1.239855289689106e-02
1.283342742916321e-02
1.328108646830479e-02
1.374181143290534e-02
1.421588664916418e-02
1.470359927034666e-02
1.520523919218036e-02
1.572109896417870e-02
1.625147369688371e-02
1.679666096502469e-02
1.735696070659419e-02
1.793267511784757e-02
1.852410854423754e-02
1.913156736730023e-02
1.975535988751419e-02
2.039579620315948e-02
2.105318808520890e-02
2.172784884828902e-02
2.242009321775410e-02
2.313023719292140e-02
2.385859790652197e-02
2.460549348042658e-02
2.537124287771191e-02
2.615616575113788e-02
2.696058228811243e-02
2.778481305222577e-02
2.862917882144152e-02
2.949400042303792e-02
3.037959856539759e-02
3.128629366674981e-02
3.221440568097493e-02
3.316425392058537e-02
3.413615687700346e-02
3.513043203826116e-02
3.614739570425193e-02
3.718736279967005e-02
3.825064668477728e-02
3.933755896414191e-02
4.044840929349940e-02
4.158350518488844e-02
4.274315181022077e-02
4.392765180344682e-02
4.513730506148346e-02
4.637240854407382e-02
4.763325607275284e-02
4.892013812909540e-02
5.023334165242724e-02
5.157314983718171e-02
5.293984193008818e-02
5.433369302738050e-02
5.575497387221608e-02
5.720395065249807e-02
5.868088479929537e-02
6.018603278605604e-02
6.171964592881145e-02
6.328197018756933e-02
6.487324596909454e-02
6.649370793127687e-02
6.814358478928552e-02
6.982309912370929e-02
7.153246719088184e-02
7.327189873558991e-02
7.504159680636224e-02
7.684175757353476e-02
7.867257015028679e-02
8.053421641684107e-02
8.242687084801764e-02
8.435070034433018e-02
8.630586406680985e-02
8.829251327573928e-02
9.031079117347572e-02
9.236083275153890e-02
9.444276464213575e-02
9.655670497428917e-02
9.870276323473474e-02
1.008810401337437e-01
1.030916274760266e-01
1.053346080368658e-01
1.076100554436209e-01
1.099180340627454e-01
1.122585988924450e-01
1.146317954611057e-01
1.170376597316112e-01
1.194762180116614e-01
1.219474868702022e-01
1.244514730600636e-01
1.269881734469014e-01
1.295575749445287e-01
1.321596544567147e-01
1.347943788255245e-01
1.374617047862629e-01
1.401615789290789e-01
1.428939376672810e-01
1.456587072124025e-01
1.484558035560535e-01
1.512851324585814e-01
1.541465894445609e-01
1.570400598051212e-01
1.599654186071133e-01
1.629225307091113e-01
1.659112507842321e-01
1.689314233497542e-01
1.719828828035033e-01
1.750654534669683e-01
1.781789496351015e-01
1.813231756327510e-01
1.844979258776629e-01
1.877029849499860e-01
1.909381276682038e-01
1.942031191714092e-01
1.974977150078333e-01
2.008216612295307e-01
2.041746944931171e-01
2.075565421664486e-01
2.109669224411266e-01
2.144055444507030e-01
2.178721083944588e-01
2.213663056666175e-01
2.248878189908555e-01
2.284363225599609e-01
2.320114821804896e-01
2.356129554222621e-01
2.392403917725397e-01
2.428934327947138e-01
2.465717122913384e-01
2.502748564713323e-01
2.540024841211720e-01
2.577542067798958e-01
2.615296289177335e-01
2.653283481181753e-01
2.691499552632903e-01
2.729940347221022e-01
2.768601645418287e-01
2.807479166417892e-01
2.846568570097828e-01
2.885865459007402e-01
2.925365380374484e-01
2.965063828131509e-01
3.004956244958216e-01
3.045038024339143e-01
3.085304512633875e-01
3.125751011158060e-01
3.166372778273207e-01
3.207165031483312e-01
3.248122949536332e-01
3.289241674528605e-01
3.330516314010252e-01
3.371941943089706e-01
3.413513606535464e-01
3.455226320873229e-01
3.497075076476617e-01
3.539054839649647e-01
3.581160554699243e-01
3.623387145996049e-01
3.665729520021852e-01
3.708182567401986e-01
3.750741164921091e-01
3.793400177520688e-01
3.836154460277028e-01
3.878998860357759e-01
3.921928218955973e-01
3.964937373200258e-01
4.008021158039419e-01
4.051174408100603e-01
4.094391959519575e-01
4.137668651741993e-01
4.180999329294540e-01
4.224378843524857e-01
4.267802054309248e-01
4.311263831727207e-01
4.354759057701858e-01
4.398282627605448e-01
4.441829451829121e-01
4.485394457316212e-01
4.528972589058390e-01
4.572558811554014e-01
4.616148110228153e-01
4.659735492813720e-01
4.703315990693288e-01
4.746884660201175e-01
4.790436583885430e-01
4.833966871729451e-01
4.877470662332959e-01
4.920943124052160e-01
4.964379456098938e-01
5.007774889598998e-01
5.051124688608905e-01
5.094424151092035e-01
5.137668609853505e-01
5.180853433434155e-01
5.223974026963749e-01
5.267025832973581e-01
5.310004332168724e-01
5.352905044160182e-01
5.395723528157286e-01
5.438455383620656e-01
5.481096250876155e-01
5.523641811690235e-01
5.566087789807151e-01
5.608429951448540e-01
5.650664105775880e-01
5.692786105316404e-01
5.734791846353036e-01
5.776677269278970e-01
5.818438358917546e-01
5.860071144808041e-01
5.901571701458114e-01
5.942936148563570e-01
5.984160651196190e-01
6.025241419960349e-01
6.066174711119203e-01
6.106956826691200e-01
6.147584114517717e-01
6.188052968302606e-01
6.228359827624466e-01
6.268501177922461e-01
6.308473550456506e-01
6.348273522242637e-01
6.387897715964442e-01
6.427342799861342e-01
6.466605487594597e-01
6.505682538091874e-01
6.544570755371206e-01
6.583266988345202e-01
6.621768130606327e-01
6.660071120194101e-01
6.698172939345046e-01
6.736070614226191e-01
6.773761214652966e-01
6.811241853792293e-01
6.848509687851669e-01
6.885561915755037e-01
6.922395778806224e-01
6.959008560340715e-01
6.995397585366526e-01
7.031560220194917e-01
7.067493872061681e-01
7.103195988739719e-01
7.138664058143630e-01
7.173895607926967e-01
7.208888205072870e-01
7.243639455478718e-01
7.278147003535441e-01
7.312408531702124e-01
7.346421760076511e-01
7.380184445962005e-01
7.413694383431728e-01
7.446949402890213e-01
7.479947370633254e-01
7.512686188406452e-01
7.545163792962949e-01
7.577378155620835e-01
7.609327281820710e-01
7.641009210683838e-01
7.672422014571336e-01
7.703563798644795e-01
7.734432700428757e-01
7.765026889375402e-01
7.795344566431820e-01
7.825383963610207e-01
7.855143343561316e-01
7.884620999151467e-01
7.913815253043414e-01
7.942724457281339e-01
7.971346992880254e-01
7.999681269420010e-01
8.027725724644202e-01
8.055478824064126e-01
8.082939060568030e-01
8.110104954035808e-01
8.136975050959334e-01
8.163547924068569e-01
8.189822171963593e-01
8.215796418752688e-01
8.241469313696588e-01
8.266839530858990e-01
8.291905768763431e-01
8.316666750056592e-01
8.341121221178105e-01
8.365267952036923e-01
8.389105735694291e-01
8.412633388053348e-01
8.435849747555401e-01
8.458753674882880e-01
8.481344052668965e-01
8.503619785213916e-01
8.525579798208059e-01
8.547223038461448e-01
8.568548473640141e-01
8.589555092009091e-01
8.610241902181591e-01
8.630607932875228e-01
8.650652232674323e-01
8.670373869798761e-01
8.689771931879182e-01
8.708845525738438e-01
8.727593777179286e-01
8.746015830778187e-01
8.764110849685188e-01
8.781878015429768e-01
8.799316527732568e-01
8.816425604322934e-01
8.833204480762165e-01
8.849652410272383e-01
8.865768663570917e-01
8.881552528710120e-01
8.897003310922520e-01
8.912120332471178e-01
8.926902932505195e-01
8.941350466920237e-01
8.955462308223985e-01
8.969237845406405e-01
8.982676483814745e-01
8.995777645033152e-01
9.008540766766788e-01
9.020965302730398e-01
9.033050722541152e-01
9.044796511615740e-01
9.056202171071561e-01
9.067267217631946e-01
9.077991183535296e-01
9.088373616448067e-01
9.098414079381474e-01
9.108112150611856e-01
9.117467423604589e-01
9.126479506941486e-01
9.135148024251559e-01
9.143472614145111e-01
9.151452930151028e-01
9.159088640657236e-01
9.166379428854208e-01
9.173324992681482e-01
9.179925044777107e-01
9.186179312429935e-01
9.192087537534718e-01
9.197649476549934e-01
9.202864900458285e-01
9.207733594729821e-01
9.212255359287618e-01
9.216430008475976e-01
9.220257371031092e-01
9.223737290054146e-01
9.226869622986779e-01
9.229654241588925e-01
9.232091031918941e-01
9.234179894316037e-01
9.235920743384952e-01
9.237313507982868e-01
9.238358131208535e-01
9.239054570393594e-01
9.239402797096076e-01
9.239402797096076e-01
9.239054570393594e-01
9.238358131208535e-01
9.237313507982868e-01
9.235920743384952e-01
9.234179894316037e-01
9.232091031918941e-01
9.229654241588925e-01
9.226869622986779e-01
9.223737290054146e-01
9.220257371031092e-01
9.216430008475976e-01
9.212255359287618e-01
9.207733594729821e-01
9.202864900458285e-01
9.197649476549934e-01
9.192087537534718e-01
9.186179312429935e-01
9.179925044777107e-01
9.173324992681482e-01
9.166379428854208e-01
9.159088640657236e-01
9.151452930151028e-01
9.143472614145111e-01
9.135148024251559e-01
9.126479506941486e-01
9.117467423604589e-01
9.108112150611856e-01
9.098414079381474e-01
9.088373616448067e-01
9.077991183535296e-01
9.067267217631946e-01
9.056202171071561e-01
9.044796511615740e-01
9.033050722541152e-01
9.020965302730398e-01
9.008540766766788e-01
8.995777645033152e-01
8.982676483814745e-01
8.969237845406405e-01
8.955462308223985e-01
8.941350466920237e-01
8.926902932505195e-01
8.912120332471178e-01
8.897003310922520e-01
8.881552528710120e-01
8.865768663570917e-01
8.849652410272383e-01
8.833204480762165e-01
8.816425604322934e-01
8.799316527732568e-01
8.781878015429768e-01
8.764110849685188e-01
8.746015830778187e-01
8.727593777179286e-01
8.708845525738438e-01
8.689771931879182e-01
8.670373869798761e-01
8.650652232674323e-01
8.630607932875228e-01
8.610241902181591e-01
8.589555092009091e-01
8.568548473640141e-01
8.547223038461448e-01
8.525579798208059e-01
8.503619785213916e-01
8.481344052668965e-01
8.458753674882880e-01
8.435849747555401e-01
8.412633388053348e-01
8.389105735694291e-01
8.365267952036923e-01
8.341121221178105e-01
8.316666750056592e-01
8.291905768763431e-01
8.266839530858990e-01
8.241469313696588e-01
8.215796418752688e-01
8.189822171963593e-01
8.163547924068569e-01
8.136975050959334e-01
8.110104954035808e-01
8.082939060568030e-01
8.055478824064126e-01
8.027725724644202e-01
7.999681269420010e-01
7.971346992880254e-01
7.942724457281339e-01
7.913815253043414e-01
7.884620999151467e-01
7.855143343561316e-01
7.825383963610207e-01
7.795344566431820e-01
7.765026889375402e-01
7.734432700428757e-01
7.703563798644795e-01
7.672422014571336e-01
7.641009210683838e-01
7.609327281820710e-01
7.577378155620835e-01
7.545163792962950e-01
7.512686188406453e-01
7.479947370633255e-01
7.446949402890214e-01
7.413694383431729e-01
7.380184445962006e-01
7.346421760076512e-01
7.312408531702125e-01
7.278147003535442e-01
7.243639455478719e-01
7.208888205072871e-01
7.173895607926968e-01
7.138664058143631e-01
7.103195988739720e-01
7.067493872061682e-01
7.031560220194918e-01
6.995397585366527e-01
6.959008560340716e-01
6.922395778806225e-01
6.885561915755039e-01
6.848509687851670e-01
6.811241853792294e-01
6.773761214652967e-01
6.736070614226192e-01
6.698172939345047e-01
6.660071120194102e-01
6.621768130606327e-01
6.583266988345202e-01
6.544570755371206e-01
6.505682538091874e-01
6.466605487594597e-01
6.427342799861342e-01
6.387897715964442e-01
6.348273522242637e-01
6.308473550456506e-01
6.268501177922461e-01
6.228359827624466e-01
6.188052968302606e-01
6.147584114517717e-01
6.106956826691200e-01
6.066174711119203e-01
6.025241419960349e-01
5.984160651196190e-01
5.942936148563570e-01
5.901571701458114e-01
5.860071144808041e-01
5.818438358917546e-01
5.776677269278970e-01
5.734791846353036e-01
5.692786105316404e-01
5.650664105775880e-01
5.608429951448540e-01
5.566087789807151e-01
5.523641811690235e-01
5.481096250876155e-01
5.438455383620656e-01
5.395723528157286e-01
5.352905044160182e-01
5.310004332168724e-01
5.267025832973581e-01
5.223974026963749e-01
5.180853433434155e-01
5.137668609853505e-01
5.094424151092035e-01
5.051124688608905e-01
5.007774889598999e-01
4.964379456098939e-01
4.920943124052160e-01
4.877470662332959e-01
4.833966871729451e-01
4.790436583885430e-01
4.746884660201175e-01
4.703315990693288e-01
4.659735492813720e-01
4.616148110228153e-01
4.572558811554014e-01
4.528972589058390e-01
4.485394457316212e-01
4.441829451829121e-01
4.398282627605448e-01
4.354759057701858e-01
4.311263831727207e-01
4.267802054309248e-01
4.224378843524857e-01
4.180999329294540e-01
4.137668651741993e-01
4.094391959519575e-01
4.051174408100603e-01
4.008021158039419e-01
3.964937373200258e-01
3.921928218955974e-01
3.878998860357760e-01
3.836154460277029e-01
3.793400177520689e-01
3.750741164921092e-01
3.708182567401986e-01
3.665729520021853e-01
3.623387145996049e-01
3.581160554699244e-01
3.539054839649648e-01
3.497075076476618e-01
3.455226320873229e-01
3.413513606535465e-01
3.371941943089706e-01
3.330516314010253e-01
3.289241674528606e-01
3.248122949536333e-01
3.207165031483312e-01
3.166372778273208e-01
3.125751011158061e-01
3.085304512633876e-01
3.045038024339143e-01
3.004956244958216e-01
2.965063828131509e-01
2.925365380374485e-01
2.885865459007402e-01
2.846568570097829e-01
2.807479166417893e-01
2.768601645418288e-01
2.729940347221023e-01
2.691499552632904e-01
2.653283481181754e-01
2.615296289177336e-01
2.577542067798959e-01
2.540024841211720e-01
2.502748564713324e-01
2.465717122913385e-01
2.428934327947139e-01
2.392403917725398e-01
2.356129554222622e-01
2.320114821804896e-01
2.284363225599610e-01
2.248878189908556e-01
2.213663056666176e-01
2.178721083944589e-01
2.144055444507031e-01
2.109669224411266e-01
2.075565421664486e-01
2.041746944931171e-01
2.008216612295307e-01
1.974977150078333e-01
1.942031191714092e-01
1.909381276682038e-01
1.877029849499860e-01
1.844979258776629e-01
1.813231756327510e-01
1.781789496351015e-01
1.750654534669683e-01
1.719828828035033e-01
1.689314233497542e-01
1.659112507842321e-01
1.629225307091112e-01
1.599654186071133e-01
1.570400598051211e-01
1.541465894445609e-01
1.512851324585814e-01
1.484558035560535e-01
1.456587072124025e-01
1.428939376672809e-01
1.401615789290789e-01
1.374617047862629e-01
1.347943788255245e-01
1.321596544567147e-01
1.295575749445287e-01
1.269881734469014e-01
1.244514730600636e-01
1.219474868702022e-01
1.194762180116614e-01
1.170376597316112e-01
1.146317954611057e-01
1.122585988924450e-01
1.099180340627454e-01
1.076100554436209e-01
1.053346080368657e-01
1.030916274760266e-01
1.008810401337437e-01
9.870276323473470e-02
9.655670497428913e-02
9.444276464213570e-02
9.236083275153886e-02
9.031079117347568e-02
8.829251327573925e-02
8.630586406680982e-02
8.435070034433015e-02
8.242687084801761e-02
8.053421641684104e-02
7.867257015028677e-02
7.684175757353473e-02
7.504159680636222e-02
7.327189873558988e-02
7.153246719088181e-02
6.982309912370928e-02
6.814358478928551e-02
6.649370793127686e-02
6.487324596909452e-02
6.328197018756931e-02
6.171964592881145e-02
6.018603278605603e-02
5.868088479929536e-02
5.720395065249805e-02
5.575497387221606e-02
5.433369302738049e-02
5.293984193008817e-02
5.157314983718170e-02
5.023334165242723e-02
4.892013812909539e-02
4.763325607275282e-02
4.637240854407380e-02
4.513730506148345e-02
4.392765180344680e-02
4.274315181022074e-02
4.158350518488842e-02
4.044840929349938e-02
3.933755896414189e-02
3.825064668477725e-02
3.718736279967003e-02
3.614739570425191e-02
3.513043203826114e-02
3.413615687700344e-02
3.316425392058535e-02
3.221440568097491e-02
3.128629366674979e-02
3.037959856539757e-02
2.949400042303790e-02
2.862917882144150e-02
2.778481305222575e-02
2.696058228811241e-02
2.615616575113786e-02
2.537124287771189e-02
2.460549348042656e-02
2.385859790652195e-02
2.313023719292138e-02
2.242009321775408e-02
2.172784884828901e-02
2.105318808520889e-02
2.039579620315947e-02
1.975535988751418e-02
1.913156736730022e-02
1.852410854423753e-02
1.793267511784756e-02
1.735696070659418e-02
1.679666096502468e-02
1.625147369688370e-02
1.572109896417869e-02
1.520523919218035e-02
1.470359927034665e-02
1.421588664916417e-02
1.374181143290532e-02
1.328108646830477e-02
1.283342742916319e-02
1.239855289689105e-02
1.197618443700950e-02
1.156604667162998e-02
1.116786734793809e-02
1.078137740271175e-02
1.040631102290715e-02
1.004240570235035e-02
9.689402294575478e-03
9.347045061854608e-03
9.015081720467194e-03
8.693263482260637e-03
8.381345092556402e-03
8.079084864459041e-03
7.786244709628369e-03
7.502590165577542e-03
7.227890419562328e-03
6.961918329129136e-03
6.704450439391559e-03
6.455266997107150e-03
6.214151961628055e-03
5.980893012800770e-03
5.755281555891871e-03
5.537112723617974e-03
5.326185375359380e-03
5.122302093638040e-03
4.925269177941356e-03
4.734896635974224e-03
4.550998172422340e-03
4.373391175310414e-03
4.201896700039243e-03
4.036339451185991e-03
3.876547762152077e-03
3.722353572743180e-03
3.573592404765724e-03
3.430103335724050e-03
3.291728970702127e-03
3.158315412513247e-03
3.029712230200619e-03
2.905772425971151e-03
2.786352400643960e-03
2.671311917694368e-03
2.560514065973196e-03
2.453825221180222e-03
2.351115006169547e-03
2.252256250163524e-03
2.157124946950647e-03
2.065600212141535e-03
1.977564239555802e-03
1.892902256811189e-03
1.811502480184899e-03
1.733256068815541e-03
1.658057078312574e-03
1.585802413838516e-03
1.516391782727568e-03
1.449727646702649e-03
1.385715173751111e-03
1.324262189717743e-03
1.265279129671853e-03
1.208678989103535e-03
1.154377275002400e-03
1.102291956870288e-03
1.052343417717684e-03
1.004454405091743e-03
9.585499821820678e-04
9.145574790485248e-04
8.724064440136578e-04
8.320285952604116e-04
7.933577726741351e-04
7.563298899660541e-04
7.208828871136557e-04
6.869566831516900e-04
6.544931293457844e-04
6.234359627789679e-04
5.937307603797338e-04
5.653248934186276e-04
5.381674824987222e-04
5.122093530637613e-04
4.874029914461860e-04
4.637025014757352e-04
4.410635616678136e-04
4.194433830093617e-04
3.988006673585352e-04
3.790955664731095e-04
3.602896416811740e-04
3.423458242063648e-04
3.252283761586033e-04
3.089028522000749e-04
2.933360618949768e-04
2.784960327504071e-04
2.643519739546473e-04
2.508742408180066e-04
2.380342999203613e-04
2.258046949685186e-04
2.141590133655777e-04
2.030718534935393e-04
1.925187927095369e-04
1.824763560552226e-04
1.729219856780393e-04
1.638340109623517e-04
1.551916193676841e-04
1.469748279706291e-04
1.391644557063456e-04
1.317420963049528e-04
1.246900919175579e-04
1.179915074261123e-04
1.116301054307965e-04
1.055903219081608e-04
9.985724253281987e-05
9.441657965509692e-05
8.925464992664761e-05
8.435835256575630e-05
7.971514825369340e-05
7.531303865324707e-05
7.114054654029692e-05
6.718669653907984e-05
6.344099645160827e-05
5.989341917153798e-05
5.653438517264513e-05
5.335474556196011e-05
5.034576568751709e-05
4.749910929061378e-05
4.480682319243323e-05
4.226132250485860e-05
3.985537635531209e-05
3.758209411546906e-05
3.543491212373791e-05
3.340758089145331e-05
3.149415278280644e-05
2.968897015862749e-05
2.798665397424401e-05
2.638209282176281e-05
2.487043240726065e-05
2.344706545352222e-05
2.210762201912879e-05
2.084796022487941e-05
1.966415737871705e-05
1.855250149053326e-05
1.750948316843750e-05
1.653178788829997e-05
1.561628862860861e-05
1.476003886292247e-05
1.396026590245312e-05
1.321436458156368e-05
1.251989127924027e-05
1.187455826986303e-05
1.127622839688263e-05
1.072291006329355e-05
1.021275253308576e-05
9.744041538153183e-06
9.315195185437577e-06
8.924760159392905e-06
8.571408215164487e-06
8.253932958191219e-06
7.971246906256244e-06
7.722378830331898e-06
7.506471370888037e-06
7.322778926658799e-06
7.170665813191006e-06
7.049604688827717e-06
6.959175246112409e-06
6.899063166932774e-06
6.869059340057833e-06
