6.940518324616983e-06
6.955687208646845e-06
7.001246650372232e-06
7.077355150139386e-06
7.184277313490838e-06
7.322384509205940e-06
7.492155791741899e-06
7.694179089258485e-06
7.929152658746219e-06
8.197886810113171e-06
8.501305901419589e-06
8.840450607781835e-06
9.216480466797561e-06
9.630676703672160e-06
1.008444533955222e-05
1.057932058689443e-05
1.111696853601828e-05
1.169919113730676e-05
1.232793048383226e-05
1.300527339949256e-05
1.373345633804616e-05
1.451487059873493e-05
1.535206786447566e-05
1.624776606889042e-05
1.720485559872743e-05
1.822640583849955e-05
1.931567206443626e-05
2.047610269510569e-05
2.171134690631671e-05
2.302526261815550e-05
2.442192486224704e-05
2.590563453755771e-05
2.748092756327192e-05
2.915258443748053e-05
3.092564021061365e-05
3.280539488273202e-05
3.479742423396182e-05
3.690759109751352e-05
3.914205708486885e-05
4.150729477284779e-05
4.401010036238032e-05
4.665760681890529e-05
4.945729750439805e-05
5.241702031109202e-05
5.554500230700325e-05
5.884986490339300e-05
6.234063955430831e-05
6.602678399832588e-05
6.991819905258784e-05
7.402524596915911e-05
7.835876436365382e-05
8.293009072597276e-05
8.775107752286236e-05
9.283411290184965e-05
9.819214100592426e-05
1.038386829081287e-04
1.097878581749788e-04
1.160544070673693e-04
1.226537133873218e-04
1.296018279786040e-04
1.369154928888901e-04
1.446121662007398e-04
1.527100475382490e-04
1.612281042557668e-04
1.701860983145793e-04
1.796046138529343e-04
1.895050854542154e-04
1.999098271174746e-04
2.108420619338943e-04
2.223259524720749e-04
2.343866318743311e-04
2.470502356654288e-04
2.603439342744022e-04
2.742959662692628e-04
2.889356723035410e-04
3.042935297726924e-04
3.204011881774506e-04
3.372915051902203e-04
3.549985834195714e-04
3.735578078668295e-04
3.930058840676438e-04
4.133808769102663e-04
4.347222501210843e-04
4.570709064067233e-04
4.804692282407648e-04
5.049611192818214e-04
5.305920464083673e-04
5.574090823543406e-04
5.854609489281198e-04
6.147980607960205e-04
6.454725698099821e-04
6.775384098575820e-04
7.110513422109786e-04
7.460690013497925e-04
7.826509412313338e-04
8.208586819799403e-04
8.607557569655347e-04
9.024077602398188e-04
9.458823942968173e-04
9.912495181227535e-04
1.038581195498502e-03
1.087951743516086e-03
1.139437781268947e-03
1.193118278673878e-03
1.249074605380789e-03
1.307390579724612e-03
1.368152517671903e-03
1.431449281712878e-03
1.497372329647832e-03
1.566015763215114e-03
1.637476376506039e-03
1.711853704110387e-03
1.789250068934362e-03
1.869770629631183e-03
1.953523427582796e-03
2.040619433369487e-03
2.131172592662595e-03
2.225299871473871e-03
2.323121300693518e-03
2.424760019847416e-03
2.530342320002543e-03
2.639997685748259e-03
2.753858836179692e-03
2.872061764808221e-03
2.994745778322808e-03
3.122053534124768e-03
3.254131076557493e-03
3.391127871751623e-03
3.533196841005272e-03
3.680494392618028e-03
3.833180452096744e-03
3.991418490650474e-03
4.155375551891350e-03
4.325222276657757e-03
4.501132925875829e-03
4.683285401375047e-03
4.871861264573612e-03
5.067045752949280e-03
5.269027794211463e-03
5.478000018090669e-03
5.694158765661688e-03
5.917704096117537e-03
6.148839790911728e-03
6.387773355187270e-03
6.634716016411734e-03
6.889882720138770e-03
7.153492122817679e-03
7.425766581574034e-03
7.706932140885817e-03
7.997218516081237e-03
8.296859073586176e-03
8.606090807851213e-03
8.925154314890278e-03
9.254293762365234e-03
9.593756856153180e-03
9.943794803335800e-03
1.030466227155283e-02
1.067661734466463e-02
1.105992147467183e-02
1.145483942984326e-02
1.186163923900683e-02
1.228059213196113e-02
1.271197247596972e-02
1.315605770830329e-02
1.361312826479923e-02
1.408346750441194e-02
1.456736162973147e-02
1.506509960345241e-02
1.557697306077935e-02
1.610327621775981e-02
1.664430577554027e-02
1.720036082054545e-02
1.777174272058631e-02
1.835875501690670e-02
1.896170331218421e-02
1.958089515450536e-02
2.021663991734104e-02
2.086924867555289e-02
2.153903407746716e-02
2.222631021305772e-02
2.293139247828532e-02
2.365459743564592e-02
2.439624267098638e-02
2.515664664665116e-02
2.593612855102951e-02
2.673500814457806e-02
2.755360560239944e-02
2.839224135346281e-02
2.925123591655808e-02
3.013090973308084e-02
3.103158299675058e-02
3.195357548037018e-02
3.289720635973988e-02
3.386279403484441e-02
3.485065594843699e-02
3.586110840214882e-02
3.689446637025824e-02
3.795104331125787e-02
3.903115097736339e-02
4.013509922211194e-02
4.126319580620248e-02
4.241574620173517e-02
4.359305339501075e-02
4.479541768805455e-02
4.602313649903433e-02
4.727650416174409e-02
4.855581172432974e-02
4.986134674743565e-02
5.119339310195409e-02
5.255223076656244e-02
5.393813562523546e-02
5.535137926492231e-02
5.679222877358018e-02
5.826094653875798e-02
5.975779004692543e-02
6.128301168374370e-02
6.283685853547560e-02
6.441957219173322e-02
6.603138854976194e-02
6.767253762046001e-02
6.934324333633245e-02
7.104372336157819e-02
7.277418890450818e-02
7.453484453249185e-02
7.632588798962781e-02
7.814751001733312e-02
7.999989417804411e-02
8.188321668221893e-02
8.379764621883062e-02
8.574334378953613e-02
8.772046254670390e-02
8.972914763548002e-02
9.176953604006841e-02
9.384175643439811e-02
9.594592903734564e-02
9.808216547267638e-02
1.002505686338649e-01
1.024512325539490e-01
1.046842422805667e-01
1.069496737563213e-01
1.092475937046136e-01
1.115780595210736e-01
1.139411191707201e-01
1.163368110909691e-01
1.187651641006058e-01
1.212261973148281e-01
1.237199200664646e-01
1.262463318334608e-01
1.288054221727211e-01
1.313971706603888e-01
1.340215468386359e-01
1.366785101690292e-01
1.393680099925309e-01
1.420899854961860e-01
1.448443656865368e-01
1.476310693698026e-01
1.504500051388506e-01
1.533010713669778e-01
1.561841562085166e-01
1.590991376062666e-01
1.620458833057490e-01
1.650242508762720e-01
1.680340877387870e-01
1.710752312005072e-01
1.741475084962535e-01
1.772507368364847e-01
1.803847234619594e-01
1.835492657049730e-01
1.867441510571012e-01
1.899691572433779e-01
1.932240523028267e-01
1.965085946752566e-01
1.998225332942274e-01
2.031656076860835e-01
2.065375480749462e-01
2.099380754935505e-01
2.133669018998035e-01
2.168237302989382e-01
2.203082548711279e-01
2.238201611044232e-01
2.273591259328644e-01
2.309248178796232e-01
2.345168972050136e-01
2.381350160592171e-01
2.417788186395541e-01
2.454479413521346e-01
2.491420129777153e-01
2.528606548415865e-01
2.566034809873090e-01
2.603700983541178e-01
2.641601069578070e-01
2.679731000749070e-01
2.718086644299629e-01
2.756663803857218e-01
2.795458221360336e-01
2.834465579012691e-01
2.873681501260583e-01
2.913101556791504e-01
2.952721260551965e-01
2.992536075782560e-01
3.032541416068266e-01
3.072732647401999e-01
3.113105090259428e-01
3.153654021683084e-01
3.194374677373780e-01
3.235262253787398e-01
3.276311910235096e-01
3.317518770985031e-01
3.358877927363675e-01
3.400384439854867e-01
3.442033340194739e-01
3.483819633460695e-01
3.525738300152652e-01
3.567784298264787e-01
3.609952565346042e-01
3.652238020547734e-01
3.694635566656571e-01
3.737140092111503e-01
3.779746473002807e-01
3.822449575051907e-01
3.865244255570403e-01
3.908125365396928e-01
3.951087750810396e-01
3.994126255418314e-01
4.037235722018889e-01
4.080410994435654e-01
4.123646919323450e-01
4.166938347944625e-01
4.210280137914351e-01
4.253667154914055e-01
4.297094274371970e-01
4.340556383109903e-01
4.384048380955341e-01
4.427565182318099e-01
4.471101717730755e-01
4.514652935352171e-01
4.558213802433458e-01
4.601779306745823e-01
4.645344457969725e-01
4.688904289044904e-01
4.732453857480851e-01
4.775988246627342e-01
4.819502566904734e-01
4.862991956993775e-01
4.906451584984689e-01
4.949876649485417e-01
4.993262380688888e-01
5.036604041399261e-01
5.079896928017157e-01
5.123136371483902e-01
5.166317738184861e-01
5.209436430812031e-01
5.252487889186036e-01
5.295467591037770e-01
5.338371052749935e-01
5.381193830058790e-01
5.423931518716447e-01
5.466579755114094e-01
5.509134216866568e-01
5.551590623358731e-01
5.593944736254124e-01
5.636192359966419e-01
5.678329342094239e-01
5.720351573819882e-01
5.762254990272593e-01
5.804035570856986e-01
5.845689339547291e-01
5.887212365148088e-01
5.928600761522224e-01
5.969850687786652e-01
6.010958348476914e-01
6.051919993681003e-01
6.092731919143417e-01
6.133390466340143e-01
6.173892022525381e-01
6.214233020750822e-01
6.254409939858282e-01
6.294419304446515e-01
6.334257684813033e-01
6.373921696871772e-01
6.413408002047437e-01
6.452713307147361e-01
6.491834364211733e-01
6.530767970343017e-01
6.569510967515418e-01
6.608060242365230e-01
6.646412725962878e-01
6.684565393567533e-01
6.722515264365069e-01
6.760259401190215e-01
6.797794910233703e-01
6.835118940735208e-01
6.872228684662883e-01
6.909121376380267e-01
6.945794292301337e-01
6.982244750534463e-01
7.018470110516020e-01
7.054467772634389e-01
7.090235177845067e-01
7.125769807277595e-01
7.161069181835004e-01
7.196130861786436e-01
7.230952446353630e-01
7.265531573291906e-01
7.299865918466262e-01
7.333953195423231e-01
7.367791154959064e-01
7.401377584684832e-01
7.434710308589010e-01
7.467787186598083e-01
7.500606114135699e-01
7.533165021680883e-01
7.565461874325798e-01
7.597494671333529e-01
7.629261445696347e-01
7.660760263694875e-01
7.691989224458600e-01
7.722946459528119e-01
7.753630132419491e-01
7.784038438191071e-01
7.814169603013198e-01
7.844021883741024e-01
7.873593567490825e-01
7.902882971220097e-01
7.931888441311683e-01
7.960608353162256e-01
7.989041110775335e-01
8.017185146359116e-01
8.045038919929333e-01
8.072600918917304e-01
8.099869657783429e-01
8.126843677636221e-01
8.153521545857105e-01
8.179901855731091e-01
8.205983226083446e-01
8.231764300922519e-01
8.257243749088785e-01
8.282420263910227e-01
8.307292562864126e-01
8.331859387245331e-01
8.356119501841066e-01
8.380071694612334e-01
8.403714776381932e-01
8.427047580529127e-01
8.450068962691009e-01
8.472777800470505e-01
8.495172993151097e-01
8.517253461418204e-01
8.539018147087211e-01
8.560466012838150e-01
8.581596041956985e-01
8.602407238083447e-01
8.622898624965415e-01
8.643069246219761e-01
8.662918165099615e-01
8.682444464267995e-01
8.701647245577742e-01
8.720525629857642e-01
8.739078756704763e-01
8.757305784282811e-01
8.775205889126498e-01
8.792778265951834e-01
8.810022127472210e-01
8.826936704220241e-01
8.843521244375230e-01
8.859775013596175e-01
8.875697294860239e-01
8.891287388306544e-01
8.906544611085242e-01
8.921468297211714e-01
8.936057797425836e-01
8.950312479056169e-01
8.964231725889019e-01
8.977814938042218e-01
8.991061531843559e-01
9.003970939713763e-01
9.016542610053890e-01
9.028776007137075e-01
9.040670611004514e-01
9.052225917365575e-01
9.063441437501958e-01
9.074316698175795e-01
9.084851241541601e-01
9.095044625061970e-01
9.104896421426949e-01
9.114406218476974e-01
9.123573619129302e-01
9.132398241307821e-01
9.140879717876207e-01
9.149017696574293e-01
9.156811839957593e-01
9.164261825339923e-01
9.171367344739011e-01
9.178128104825035e-01
9.184543826872053e-01
9.190614246712200e-01
9.196339114692649e-01
9.201718195635217e-01
9.206751268798625e-01
9.211438127843290e-01
9.215778580798655e-01
9.219772450032961e-01
9.223419572225466e-01
9.226719798341021e-01
9.229672993606988e-01
9.232279037492478e-01
9.234537823689846e-01
9.236449260098436e-01
9.238013268810551e-01
9.239229786099605e-01
9.240098762410467e-01
9.240620162351957e-01
9.240793964691509e-01
9.240620162351957e-01
9.240098762410462e-01
9.239229786099601e-01
9.238013268810545e-01
9.236449260098432e-01
9.234537823689841e-01
9.232279037492475e-01
9.229672993606985e-01
9.226719798341021e-01
9.223419572225466e-01
9.219772450032960e-01
9.215778580798654e-01
9.211438127843290e-01
9.206751268798625e-01
9.201718195635219e-01
9.196339114692652e-01
9.190614246712205e-01
9.184543826872058e-01
9.178128104825040e-01
9.171367344739016e-01
9.164261825339929e-01
9.156811839957598e-01
9.149017696574296e-01
9.140879717876211e-01
9.132398241307825e-01
9.123573619129306e-01
9.114406218476980e-01
9.104896421426953e-01
9.095044625061974e-01
9.084851241541607e-01
9.074316698175803e-01
9.063441437501965e-01
9.052225917365581e-01
9.040670611004520e-01
9.028776007137080e-01
9.016542610053896e-01
9.003970939713769e-01
8.991061531843565e-01
8.977814938042225e-01
8.964231725889027e-01
8.950312479056177e-01
8.936057797425841e-01
8.921468297211720e-01
8.906544611085245e-01
8.891287388306546e-01
8.875697294860241e-01
8.859775013596177e-01
8.843521244375232e-01
8.826936704220244e-01
8.810022127472213e-01
8.792778265951838e-01
8.775205889126505e-01
8.757305784282816e-01
8.739078756704769e-01
8.720525629857647e-01
8.701647245577746e-01
8.682444464268001e-01
8.662918165099620e-01
8.643069246219766e-01
8.622898624965420e-01
8.602407238083452e-01
8.581596041956987e-01
8.560466012838152e-01
8.539018147087211e-01
8.517253461418205e-01
8.495172993151097e-01
8.472777800470505e-01
8.450068962691009e-01
8.427047580529127e-01
8.403714776381931e-01
8.380071694612334e-01
8.356119501841066e-01
8.331859387245329e-01
8.307292562864126e-01
8.282420263910226e-01
8.257243749088784e-01
8.231764300922518e-01
8.205983226083445e-01
8.179901855731090e-01
8.153521545857104e-01
8.126843677636217e-01
8.099869657783426e-01
8.072600918917303e-01
8.045038919929330e-01
8.017185146359114e-01
7.989041110775335e-01
7.960608353162257e-01
7.931888441311684e-01
7.902882971220098e-01
7.873593567490828e-01
7.844021883741025e-01
7.814169603013197e-01
7.784038438191070e-01
7.753630132419489e-01
7.722946459528119e-01
7.691989224458600e-01
7.660760263694872e-01
7.629261445696346e-01
7.597494671333529e-01
7.565461874325797e-01
7.533165021680882e-01
7.500606114135699e-01
7.467787186598082e-01
7.434710308589009e-01
7.401377584684831e-01
7.367791154959064e-01
7.333953195423231e-01
7.299865918466263e-01
7.265531573291907e-01
7.230952446353631e-01
7.196130861786436e-01
7.161069181835004e-01
7.125769807277594e-01
7.090235177845067e-01
7.054467772634390e-01
7.018470110516020e-01
6.982244750534462e-01
6.945794292301334e-01
6.909121376380265e-01
6.872228684662880e-01
6.835118940735204e-01
6.797794910233700e-01
6.760259401190213e-01
6.722515264365065e-01
6.684565393567529e-01
6.646412725962875e-01
6.608060242365226e-01
6.569510967515416e-01
6.530767970343014e-01
6.491834364211729e-01
6.452713307147359e-01
6.413408002047434e-01
6.373921696871768e-01
6.334257684813029e-01
6.294419304446511e-01
6.254409939858279e-01
6.214233020750818e-01
6.173892022525376e-01
6.133390466340140e-01
6.092731919143414e-01
6.051919993680999e-01
6.010958348476909e-01
5.969850687786649e-01
5.928600761522220e-01
5.887212365148085e-01
5.845689339547289e-01
5.804035570856981e-01
5.762254990272587e-01
5.720351573819880e-01
5.678329342094237e-01
5.636192359966418e-01
5.593944736254122e-01
5.551590623358730e-01
5.509134216866567e-01
5.466579755114093e-01
5.423931518716446e-01
5.381193830058789e-01
5.338371052749934e-01
5.295467591037769e-01
5.252487889186035e-01
5.209436430812030e-01
5.166317738184860e-01
5.123136371483901e-01
5.079896928017156e-01
5.036604041399260e-01
4.993262380688888e-01
4.949876649485419e-01
4.906451584984690e-01
4.862991956993777e-01
4.819502566904736e-01
4.775988246627343e-01
4.732453857480853e-01
4.688904289044906e-01
4.645344457969726e-01
4.601779306745825e-01
4.558213802433461e-01
4.514652935352173e-01
4.471101717730758e-01
4.427565182318102e-01
4.384048380955343e-01
4.340556383109905e-01
4.297094274371972e-01
4.253667154914057e-01
4.210280137914355e-01
4.166938347944628e-01
4.123646919323454e-01
4.080410994435657e-01
4.037235722018893e-01
3.994126255418318e-01
3.951087750810399e-01
3.908125365396931e-01
3.865244255570405e-01
3.822449575051909e-01
3.779746473002810e-01
3.737140092111503e-01
3.694635566656572e-01
3.652238020547734e-01
3.609952565346041e-01
3.567784298264784e-01
3.525738300152651e-01
3.483819633460695e-01
3.442033340194740e-01
3.400384439854869e-01
3.358877927363676e-01
3.317518770985031e-01
3.276311910235096e-01
3.235262253787398e-01
3.194374677373781e-01
3.153654021683084e-01
3.113105090259427e-01
3.072732647401999e-01
3.032541416068266e-01
2.992536075782560e-01
2.952721260551965e-01
2.913101556791503e-01
2.873681501260583e-01
2.834465579012692e-01
2.795458221360337e-01
2.756663803857219e-01
2.718086644299630e-01
2.679731000749070e-01
2.641601069578071e-01
2.603700983541179e-01
2.566034809873091e-01
2.528606548415865e-01
2.491420129777153e-01
2.454479413521346e-01
2.417788186395541e-01
2.381350160592171e-01
2.345168972050136e-01
2.309248178796232e-01
2.273591259328644e-01
2.238201611044232e-01
2.203082548711280e-01
2.168237302989382e-01
2.133669018998035e-01
2.099380754935505e-01
2.065375480749462e-01
2.031656076860835e-01
1.998225332942274e-01
1.965085946752566e-01
1.932240523028267e-01
1.899691572433779e-01
1.867441510571012e-01
1.835492657049731e-01
1.803847234619595e-01
1.772507368364847e-01
1.741475084962535e-01
1.710752312005072e-01
1.680340877387870e-01
1.650242508762720e-01
1.620458833057490e-01
1.590991376062667e-01
1.561841562085167e-01
1.533010713669778e-01
1.504500051388506e-01
1.476310693698027e-01
1.448443656865369e-01
1.420899854961861e-01
1.393680099925309e-01
1.366785101690292e-01
1.340215468386360e-01
1.313971706603888e-01
1.288054221727211e-01
1.262463318334608e-01
1.237199200664647e-01
1.212261973148281e-01
1.187651641006058e-01
1.163368110909691e-01
1.139411191707201e-01
1.115780595210736e-01
1.092475937046136e-01
1.069496737563213e-01
1.046842422805667e-01
1.024512325539491e-01
1.002505686338650e-01
9.808216547267647e-02
9.594592903734572e-02
9.384175643439818e-02
9.176953604006849e-02
8.972914763548014e-02
8.772046254670406e-02
8.574334378953628e-02
8.379764621883080e-02
8.188321668221914e-02
7.999989417804437e-02
7.814751001733344e-02
7.632588798962815e-02
7.453484453249225e-02
7.277418890450864e-02
7.104372336157873e-02
6.934324333633304e-02
6.767253762046067e-02
6.603138854976270e-02
6.441957219173408e-02
6.283685853547658e-02
6.128301168374477e-02
5.975779004692663e-02
5.826094653875934e-02
5.679222877358171e-02
5.535137926492403e-02
5.393813562523741e-02
5.255223076656464e-02
5.119339310195654e-02
4.986134674743840e-02
4.855581172433282e-02
4.727650416174754e-02
4.602313649903820e-02
4.479541768805889e-02
4.359305339501561e-02
4.241574620174061e-02
4.126319580620855e-02
4.013509922211876e-02
3.903115097737101e-02
3.795104331126638e-02
3.689446637026774e-02
3.586110840215943e-02
3.485065594844883e-02
3.386279403485762e-02
3.289720635975461e-02
3.195357548038662e-02
3.103158299676892e-02
3.013090973310127e-02
2.925123591658086e-02
2.839224135348819e-02
2.755360560242771e-02
2.673500814460954e-02
2.593612855106455e-02
2.515664664669017e-02
2.439624267102979e-02
2.365459743569420e-02
2.293139247833902e-02
2.222631021311743e-02
2.153903407753353e-02
2.086924867562664e-02
2.021663991742298e-02
1.958089515459637e-02
1.896170331228527e-02
1.835875501701891e-02
1.777174272071086e-02
1.720036082068367e-02
1.664430577569361e-02
1.610327621792989e-02
1.557697306096795e-02
1.506509960366151e-02
1.456736162996324e-02
1.408346750466877e-02
1.361312826508376e-02
1.315605770861845e-02
1.271197247631871e-02
1.228059213234750e-02
1.186163923943447e-02
1.145483943031648e-02
1.105992147519536e-02
1.067661734524370e-02
1.030466227219316e-02
9.943794804043709e-03
9.593756856935618e-03
9.254293763229846e-03
8.925154315845471e-03
8.606090808906229e-03
8.296859074751172e-03
7.997218517367384e-03
7.706932142305381e-03
7.425766583140486e-03
7.153492124545816e-03
6.889882722044836e-03
6.634716018513558e-03
6.387773357504413e-03
6.148839793465653e-03
5.917704098931786e-03
5.694158768762071e-03
5.478000021505482e-03
5.269027797971717e-03
5.067045757088952e-03
4.871861269129927e-03
4.683285406388768e-03
4.501132931391588e-03
4.325222282724410e-03
4.155375558562364e-03
3.991418497984347e-03
3.833180460157462e-03
3.680494401475562e-03
3.533196850736123e-03
3.391127882439405e-03
3.254131088293579e-03
3.122053547008979e-03
2.994745792464167e-03
2.872061780325781e-03
2.753858853203418e-03
2.639997704419995e-03
2.530342340477061e-03
2.424760042293554e-03
2.323121325295411e-03
2.225299898432286e-03
2.131172622196386e-03
2.040619465717157e-03
1.953523463004203e-03
1.869770668409382e-03
1.789250111377596e-03
1.711853750554252e-03
1.637476427315814e-03
1.566015818788295e-03
1.497372390416865e-03
1.431449348148114e-03
1.368152590284795e-03
1.307390659071171e-03
1.249074692065318e-03
1.193118373353002e-03
1.139437884655968e-03
1.087951856385686e-03
1.038581318691812e-03
9.912496525528354e-04
9.458825409545648e-04
9.024079202003295e-04
8.607559313949761e-04
8.208588721429532e-04
7.826511484990084e-04
7.460692272082618e-04
7.110515882706727e-04
6.775386778631940e-04
6.454728616511936e-04
6.147983785190455e-04
5.854612947481228e-04
5.574094586687944e-04
5.305924558114144e-04
5.049615645797136e-04
4.804697124684549e-04
4.570714328456915e-04
4.347228223184853e-04
4.133814986994896e-04
3.930065595903855e-04
3.735585415967803e-04
3.549993801878319e-04
3.372923702125621e-04
3.204021270835504e-04
3.042945486374710e-04
2.889367776807530e-04
2.742971652274844e-04
2.603452344355819e-04
2.470516452461695e-04
2.343881597300862e-04
2.223276081444507e-04
2.108438557012630e-04
1.999117700491146e-04
1.895071894682092e-04
1.796068917780676e-04
1.701885639564988e-04
1.612307724676711e-04
1.527129342964015e-04
1.446152886851107e-04
1.369188695692517e-04
1.296054787064221e-04
1.226576594938070e-04
1.160586714680714e-04
1.097924654813295e-04
1.038436595463617e-04
9.819751534382430e-05
9.283991538380919e-05
8.775734081374884e-05
8.293684986433890e-05
7.836605692485170e-05
7.403311223894912e-05
6.992668221186580e-05
6.603593031962479e-05
6.235049861076617e-05
5.886048979091460e-05
5.555644988038192e-05
5.242935143489739e-05
4.947057731947730e-05
4.667190502538901e-05
4.402549152012935e-05
4.152385862032477e-05
3.915987887746754e-05
3.692676196643024e-05
3.481804156674732e-05
3.282756272671709e-05
3.094946970046061e-05
2.917819424817239e-05
2.750844438991425e-05
2.593519360343311e-05
2.445367045662986e-05
2.305934866546491e-05
2.174793756825882e-05
2.051537300753146e-05
1.935780861071975e-05
1.827160746132279e-05
1.725333415224199e-05
1.629974721331272e-05
1.540779190526310e-05
1.457459337258301e-05
1.379745014804260e-05
1.307382800186392e-05
1.240135412882072e-05
1.177781166682035e-05
1.120113454080679e-05
1.066940262611516e-05
1.018083722570508e-05
9.733796856002619e-06
9.326773336387586e-06
8.958388177674708e-06
8.627389265252961e-06
8.332647832866956e-06
8.073155723347275e-06
7.848022932922835e-06
7.656475436077273e-06
7.497853288242745e-06
7.371609003958256e-06
7.277306208455044e-06
7.214618560968723e-06
7.183328948416396e-06
