6.830822680618049e-06
6.860731080855931e-06
6.920652183102911e-06
7.010794851362113e-06
7.131473033127525e-06
7.283106542116057e-06
7.466222103484416e-06
7.681454662878545e-06
7.929548960998498e-06
8.211361375695508e-06
8.527862033950273e-06
8.880137196412196e-06
9.269391917507778e-06
9.696952984452644e-06
1.016427213882528e-05
1.067292958468133e-05
1.122463778750476e-05
1.182124556860619e-05
1.246474249988881e-05
1.315726360420812e-05
1.390109436685312e-05
1.469867606397288e-05
1.555261141406342e-05
1.646567055891510e-05
1.744079738069982e-05
1.848111616214983e-05
1.958993859704525e-05
2.077077115848538e-05
2.202732283266863e-05
2.336351322614723e-05
2.478348105475487e-05
2.629159302262846e-05
2.789245309995688e-05
2.959091220829174e-05
3.139207832244505e-05
3.330132699817702e-05
3.532431233504235e-05
3.746697838391618e-05
3.973557100885828e-05
4.213665021309800e-05
4.467710293903033e-05
4.736415635220532e-05
5.020539161936797e-05
5.320875819066315e-05
5.638258859615874e-05
5.973561376685982e-05
6.327697889038643e-05
6.701625981146601e-05
7.096347998734848e-05
7.512912800818667e-05
7.952417569233609e-05
8.416009676641454e-05
8.904888613982405e-05
9.420307978327487e-05
9.963577522065812e-05
1.053606526433986e-04
1.113919966561698e-04
1.177447186625788e-04
1.244343798991229e-04
1.314772151253823e-04
1.388901569780447e-04
1.466908609959574e-04
1.548977313229687e-04
1.635299470948497e-04
1.726074895160891e-04
1.821511696318117e-04
1.921826567995000e-04
2.027245078645846e-04
2.138001970433252e-04
2.254341465157160e-04
2.376517577304235e-04
2.504794434230071e-04
2.639446603478684e-04
2.780759427235317e-04
2.929029363899842e-04
3.084564336758765e-04
3.247684089724276e-04
3.418720550098762e-04
3.598018198312798e-04
3.785934444573804e-04
3.982840012351337e-04
4.189119328613410e-04
4.405170920716179e-04
4.631407819836954e-04
4.868257970827721e-04
5.116164648353155e-04
5.375586879163603e-04
5.646999870339556e-04
5.930895443329939e-04
6.227782473591779e-04
6.538187335624075e-04
6.862654353173171e-04
7.201746254371511e-04
7.556044631555664e-04
7.926150405493379e-04
8.312684293732888e-04
8.716287282771127e-04
9.137621103720410e-04
9.577368711136125e-04
1.003623476465057e-03
1.051494611304054e-03
1.101425228033875e-03
1.153492595358111e-03
1.207776347176446e-03
1.264358531557078e-03
1.323323659739672e-03
1.384758755120842e-03
1.448753402172440e-03
1.515399795241078e-03
1.584792787175558e-03
1.657029937727115e-03
1.732211561665576e-03
1.810440776552860e-03
1.891823550113486e-03
1.976468747140072e-03
2.064488175870156e-03
2.155996633769026e-03
2.251111952651689e-03
2.349955043075505e-03
2.452649937933569e-03
2.559323835177424e-03
2.670107139596319e-03
2.785133503578861e-03
2.904539866781659e-03
3.028466494628319e-03
3.157057015561020e-03
3.290458456965834e-03
3.428821279691975e-03
3.572299411084246e-03
3.721050276447131e-03
3.875234828858298e-03
4.035017577248595e-03
4.200566612665144e-03
4.372053632633694e-03
4.549653963536074e-03
4.733546580918411e-03
4.923914127645672e-03
5.120942929818142e-03
5.324823010365588e-03
5.535748100235167e-03
5.753915647089523e-03
5.979526821432121e-03
6.212786520077458e-03
6.453903366884724e-03
6.703089710674354e-03
6.960561620248096e-03
7.226538876434409e-03
7.501244961082469e-03
7.784907042929546e-03
8.077755960268301e-03
8.380026200342288e-03
8.691955875400120e-03
9.013786695340725e-03
9.345763936884606e-03
9.688136409208389e-03
1.004115641598257e-02
1.040507971375525e-02
1.078016546662738e-02
1.116667619716842e-02
1.156487773352421e-02
1.197503915267246e-02
1.239743271978477e-02
1.283233382365771e-02
1.328002090817927e-02
1.374077539980107e-02
1.421488163099072e-02
1.470262675964291e-02
1.520430068443228e-02
1.572019595609545e-02
1.625060768463426e-02
1.679583344243706e-02
1.735617316331934e-02
1.793192903749051e-02
1.852340540245798e-02
1.913090862988524e-02
1.975474700842576e-02
2.039523062255948e-02
2.105267122746453e-02
2.172738211996154e-02
2.241967800557392e-02
2.312987486175275e-02
2.385828979732021e-02
2.460524090819157e-02
2.537104712944065e-02
2.615602808377998e-02
2.696050392653174e-02
2.778479518717181e-02
2.862922260753415e-02
2.949410697676897e-02
3.037976896315295e-02
3.128652894285578e-02
3.221470682577227e-02
3.316462187853498e-02
3.413659254482716e-02
3.513093626312133e-02
3.614796928197354e-02
3.718800647300886e-02
3.825136114173774e-02
3.933834483634804e-02
4.044926715462259e-02
4.158443554913530e-02
4.274415513088444e-02
4.392872847152507e-02
4.513845540436678e-02
4.637363282430665e-02
4.763455448687087e-02
4.892151080654190e-02
5.023478865455130e-02
5.157467115632090e-02
5.294143748873838e-02
5.433536267745508e-02
5.575671739439690e-02
5.720576775568038e-02
5.868277512012843e-02
6.018799588858147e-02
6.172168130420088e-02
6.328407725396268e-02
6.487542407154046e-02
6.649595634177623e-02
6.814590270693904e-02
6.982548567497000e-02
7.153492142991266e-02
7.327441964472721e-02
7.504418329668515e-02
7.684440848554011e-02
7.867528425466974e-02
8.053699241538073e-02
8.242970737456720e-02
8.435359596591036e-02
8.630881728480513e-02
8.829552252719516e-02
9.031385483249564e-02
9.236394913077949e-02
9.444593199439796e-02
9.655992149420396e-02
9.870602706054013e-02
1.008843493491517e-01
1.030949801121766e-01
1.053380020743624e-01
1.076134888146526e-01
1.099215046532810e-01
1.122621045445048e-01
1.146353339751041e-01
1.170412288687661e-01
1.194798154964682e-01
1.219511103929673e-01
1.244551202794938e-01
1.269918419927454e-01
1.295612624202653e-01
1.321633584422854e-01
1.347980968801040e-01
1.374654344510640e-01
1.401653177301874e-01
1.428976831185151e-01
1.456624568181934e-01
1.484595548143404e-01
1.512888828637184e-01
1.541503364902293e-01
1.570438009872434e-01
1.599691514267626e-01
1.629262526754135e-01
1.659149594172544e-01
1.689351161833750e-01
1.719865573882605e-01
1.750691073728795e-01
1.781825804544524e-01
1.813267809828473e-01
1.845015034035412e-01
1.877065323270793e-01
1.909416426049575e-01
1.942065994118428e-01
1.975011583340446e-01
2.008250654641380e-01
2.041780575016356e-01
2.075598618595977e-01
2.109701967770639e-01
2.144087714371826e-01
2.178752860909093e-01
2.213694321861381e-01
2.248908925021265e-01
2.284393412890661e-01
2.320144444126474e-01
2.356158595034646e-01
2.392432361110955e-01
2.428962158626947e-01
2.465744326259264e-01
2.502775126760660e-01
2.540050748670922e-01
2.577567308065867e-01
2.615320850342610e-01
2.653307352039196e-01
2.691522722686741e-01
2.729962806692120e-01
2.768623385249320e-01
2.807500178277440e-01
2.846588846383433e-01
2.885884992847557e-01
2.925384165629595e-01
2.965081859393803e-01
3.004973517550636e-01
3.045054534313226e-01
3.085320256766627e-01
3.125765986947843e-01
3.166386983934667e-01
3.207178465941350e-01
3.248135612419159e-01
3.289253566159870e-01
3.330527435400311e-01
3.371952295926010e-01
3.413523193172133e-01
3.455235144319814e-01
3.497083140386087e-01
3.539062148305626e-01
3.581167113002541e-01
3.623392959450497e-01
3.665734594719494e-01
3.708186910007650e-01
3.750744782656374e-01
3.793403078147395e-01
3.836156652080097e-01
3.879000352127702e-01
3.921929019970879e-01
3.964937493207386e-01
4.008020607236427e-01
4.051173197116433e-01
4.094390099395054e-01
4.137666153910164e-01
4.180996205560776e-01
4.224375106046784e-01
4.267797715576517e-01
4.311258904541153e-01
4.354753555155076e-01
4.398276563061330e-01
4.441822838901375e-01
4.485387309848413e-01
4.528964921103575e-01
4.572550637354384e-01
4.616139444194873e-01
4.659726349506891e-01
4.703306384802093e-01
4.746874606524229e-01
4.790426097311378e-01
4.833955967217829e-01
4.877459354895340e-01
4.920931428733629e-01
4.964367387959903e-01
5.007762463697354e-01
5.051111919982599e-01
5.094411054742025e-01
5.137655200727150e-01
5.180839726409048e-01
5.223960036831998e-01
5.267011574426591e-01
5.309989819782429e-01
5.352890292380820e-01
5.395708551287660e-01
5.438440195806932e-01
5.481080866095193e-01
5.523626243737458e-01
5.566072052284969e-01
5.608414057755321e-01
5.650648069095493e-01
5.692769938608311e-01
5.734775562342957e-01
5.776660880450117e-01
5.818421877502411e-01
5.860054582780759e-01
5.901555070527397e-01
5.942919460166182e-01
5.984143916490985e-01
6.025224649822873e-01
6.066157916136822e-01
6.106940017158778e-01
6.147567300433830e-01
6.188036159366257e-01
6.228343033232340e-01
6.268484407166668e-01
6.308456812122815e-01
6.348256824809201e-01
6.387881067600995e-01
6.427326208428845e-01
6.466588960645335e-01
6.505666082869981e-01
6.544554378813614e-01
6.583250697082993e-01
6.621751930966467e-01
6.660055018201568e-01
6.698156940725297e-01
6.736054724407989e-01
6.773745438771530e-01
6.811226196692770e-01
6.848494154092899e-01
6.885546509613594e-01
6.922380504280743e-01
6.958993421156459e-01
6.995382584980190e-01
7.031545361799652e-01
7.067479158592327e-01
7.103181422878234e-01
7.138649642324674e-01
7.173881344343663e-01
7.208874095682704e-01
7.243625502009571e-01
7.278133207491729e-01
7.312394894371052e-01
7.346408282534408e-01
7.380171129080726e-01
7.413681227885132e-01
7.446936409160679e-01
7.479934539018240e-01
7.512673519025073e-01
7.545151285762559e-01
7.577365810383634e-01
7.609315098170313e-01
7.640997188091847e-01
7.672410152363855e-01
7.703552096008939e-01
7.734421156419080e-01
7.765015502920281e-01
7.795333336339776e-01
7.825372888576143e-01
7.855132422172677e-01
7.884610229894309e-01
7.913804634308377e-01
7.942713987369534e-01
7.971336670009012e-01
7.999671091728540e-01
8.027715690199126e-01
8.055468930864899e-01
8.082929306552212e-01
8.110095337084235e-01
8.136965568901132e-01
8.163538574686040e-01
8.189812952996973e-01
8.215787327904742e-01
8.241460348637082e-01
8.266830689229003e-01
8.291897048179536e-01
8.316658148114877e-01
8.341112735458051e-01
8.365259580105143e-01
8.389097475108107e-01
8.412625236364234e-01
8.435841702312271e-01
8.458745733635231e-01
8.481336212969874e-01
8.503612044622899e-01
8.525572154293777e-01
8.547215488804284e-01
8.568541015834632e-01
8.589547723666215e-01
8.610234620930930e-01
8.630600736366993e-01
8.650645118581252e-01
8.670366835817879e-01
8.689764975733439e-01
8.708838645178241e-01
8.727586969983879e-01
8.746009094756938e-01
8.764104182678751e-01
8.781871415311138e-01
8.799309992408020e-01
8.816419131732862e-01
8.833198068881828e-01
8.849646057112524e-01
8.865762367178310e-01
8.881546287168015e-01
8.896997122350994e-01
8.912114195027413e-01
8.926896844383649e-01
8.941344426352755e-01
8.955456313479825e-01
8.969231894792177e-01
8.982670575674300e-01
8.995771777747382e-01
9.008534938753374e-01
9.020959512443477e-01
9.033044968470949e-01
9.044790792288119e-01
9.056196485047530e-01
9.067261563507103e-01
9.077985559939242e-01
9.088368022043749e-01
9.098408512864494e-01
9.108106610709739e-01
9.117461909076007e-01
9.126474016575437e-01
9.135142556866527e-01
9.143467168588169e-01
9.151447505296925e-01
9.159083235407448e-01
9.166374042135956e-01
9.173319623446741e-01
9.179919692001562e-01
9.186173975111936e-01
9.192082214694202e-01
9.197644167227329e-01
9.202859603713398e-01
9.207728309640711e-01
9.212250084949437e-01
9.216424743999818e-01
9.220252115542804e-01
9.223732042693153e-01
9.226864382904879e-01
9.229649007949079e-01
9.232085803894052e-01
9.234174671087727e-01
9.235915524142331e-01
9.237308291921288e-01
9.238352917528356e-01
9.239049358298925e-01
9.239397585793537e-01
9.239397585793537e-01
9.239049358298925e-01
9.238352917528356e-01
9.237308291921289e-01
9.235915524142334e-01
9.234174671087729e-01
9.232085803894053e-01
9.229649007949080e-01
9.226864382904880e-01
9.223732042693155e-01
9.220252115542803e-01
9.216424743999818e-01
9.212250084949438e-01
9.207728309640711e-01
9.202859603713398e-01
9.197644167227330e-01
9.192082214694204e-01
9.186173975111940e-01
9.179919692001566e-01
9.173319623446745e-01
9.166374042135962e-01
9.159083235407453e-01
9.151447505296930e-01
9.143467168588171e-01
9.135142556866528e-01
9.126474016575437e-01
9.117461909076005e-01
9.108106610709736e-01
9.098408512864493e-01
9.088368022043748e-01
9.077985559939242e-01
9.067261563507105e-01
9.056196485047531e-01
9.044790792288123e-01
9.033044968470956e-01
9.020959512443483e-01
9.008534938753379e-01
8.995771777747387e-01
8.982670575674305e-01
8.969231894792181e-01
8.955456313479829e-01
8.941344426352760e-01
8.926896844383650e-01
8.912114195027413e-01
8.896997122350996e-01
8.881546287168014e-01
8.865762367178308e-01
8.849646057112521e-01
8.833198068881829e-01
8.816419131732864e-01
8.799309992408022e-01
8.781871415311140e-01
8.764104182678754e-01
8.746009094756940e-01
8.727586969983882e-01
8.708838645178242e-01
8.689764975733441e-01
8.670366835817880e-01
8.650645118581252e-01
8.630600736366993e-01
8.610234620930929e-01
8.589547723666214e-01
8.568541015834632e-01
8.547215488804283e-01
8.525572154293775e-01
8.503612044622896e-01
8.481336212969872e-01
8.458745733635229e-01
8.435841702312271e-01
8.412625236364234e-01
8.389097475108107e-01
8.365259580105142e-01
8.341112735458049e-01
8.316658148114877e-01
8.291897048179537e-01
8.266830689229003e-01
8.241460348637082e-01
8.215787327904742e-01
8.189812952996971e-01
8.163538574686038e-01
8.136965568901129e-01
8.110095337084231e-01
8.082929306552209e-01
8.055468930864893e-01
8.027715690199123e-01
7.999671091728535e-01
7.971336670009006e-01
7.942713987369530e-01
7.913804634308372e-01
7.884610229894304e-01
7.855132422172670e-01
7.825372888576136e-01
7.795333336339767e-01
7.765015502920273e-01
7.734421156419073e-01
7.703552096008932e-01
7.672410152363849e-01
7.640997188091840e-01
7.609315098170309e-01
7.577365810383627e-01
7.545151285762554e-01
7.512673519025067e-01
7.479934539018236e-01
7.446936409160674e-01
7.413681227885126e-01
7.380171129080723e-01
7.346408282534405e-01
7.312394894371049e-01
7.278133207491727e-01
7.243625502009570e-01
7.208874095682700e-01
7.173881344343660e-01
7.138649642324671e-01
7.103181422878232e-01
7.067479158592327e-01
7.031545361799650e-01
6.995382584980187e-01
6.958993421156454e-01
6.922380504280738e-01
6.885546509613589e-01
6.848494154092895e-01
6.811226196692763e-01
6.773745438771525e-01
6.736054724407984e-01
6.698156940725292e-01
6.660055018201565e-01
6.621751930966465e-01
6.583250697082990e-01
6.544554378813612e-01
6.505666082869976e-01
6.466588960645332e-01
6.427326208428841e-01
6.387881067600991e-01
6.348256824809198e-01
6.308456812122810e-01
6.268484407166663e-01
6.228343033232336e-01
6.188036159366254e-01
6.147567300433827e-01
6.106940017158776e-01
6.066157916136820e-01
6.025224649822873e-01
5.984143916490986e-01
5.942919460166183e-01
5.901555070527398e-01
5.860054582780760e-01
5.818421877502411e-01
5.776660880450118e-01
5.734775562342959e-01
5.692769938608312e-01
5.650648069095494e-01
5.608414057755322e-01
5.566072052284970e-01
5.523626243737461e-01
5.481080866095196e-01
5.438440195806935e-01
5.395708551287662e-01
5.352890292380822e-01
5.309989819782432e-01
5.267011574426594e-01
5.223960036832003e-01
5.180839726409051e-01
5.137655200727154e-01
5.094411054742028e-01
5.051111919982602e-01
5.007762463697356e-01
4.964367387959905e-01
4.920931428733631e-01
4.877459354895340e-01
4.833955967217829e-01
4.790426097311379e-01
4.746874606524230e-01
4.703306384802095e-01
4.659726349506892e-01
4.616139444194874e-01
4.572550637354384e-01
4.528964921103576e-01
4.485387309848414e-01
4.441822838901375e-01
4.398276563061331e-01
4.354753555155077e-01
4.311258904541155e-01
4.267797715576518e-01
4.224375106046784e-01
4.180996205560777e-01
4.137666153910164e-01
4.094390099395054e-01
4.051173197116433e-01
4.008020607236427e-01
3.964937493207386e-01
3.921929019970880e-01
3.879000352127702e-01
3.836156652080097e-01
3.793403078147397e-01
3.750744782656376e-01
3.708186910007653e-01
3.665734594719496e-01
3.623392959450498e-01
3.581167113002542e-01
3.539062148305626e-01
3.497083140386087e-01
3.455235144319813e-01
3.413523193172132e-01
3.371952295926009e-01
3.330527435400311e-01
3.289253566159871e-01
3.248135612419158e-01
3.207178465941349e-01
3.166386983934665e-01
3.125765986947841e-01
3.085320256766626e-01
3.045054534313226e-01
3.004973517550636e-01
2.965081859393803e-01
2.925384165629595e-01
2.885884992847558e-01
2.846588846383433e-01
2.807500178277441e-01
2.768623385249320e-01
2.729962806692120e-01
2.691522722686740e-01
2.653307352039195e-01
2.615320850342609e-01
2.577567308065867e-01
2.540050748670921e-01
2.502775126760660e-01
2.465744326259263e-01
2.428962158626947e-01
2.392432361110955e-01
2.356158595034646e-01
2.320144444126473e-01
2.284393412890660e-01
2.248908925021265e-01
2.213694321861380e-01
2.178752860909092e-01
2.144087714371825e-01
2.109701967770639e-01
2.075598618595977e-01
2.041780575016356e-01
2.008250654641380e-01
1.975011583340447e-01
1.942065994118428e-01
1.909416426049575e-01
1.877065323270793e-01
1.845015034035411e-01
1.813267809828473e-01
1.781825804544524e-01
1.750691073728795e-01
1.719865573882605e-01
1.689351161833750e-01
1.659149594172543e-01
1.629262526754135e-01
1.599691514267626e-01
1.570438009872434e-01
1.541503364902294e-01
1.512888828637185e-01
1.484595548143404e-01
1.456624568181935e-01
1.428976831185152e-01
1.401653177301875e-01
1.374654344510641e-01
1.347980968801041e-01
1.321633584422855e-01
1.295612624202654e-01
1.269918419927455e-01
1.244551202794940e-01
1.219511103929675e-01
1.194798154964684e-01
1.170412288687662e-01
1.146353339751042e-01
1.122621045445050e-01
1.099215046532812e-01
1.076134888146528e-01
1.053380020743625e-01
1.030949801121767e-01
1.008843493491518e-01
9.870602706054027e-02
9.655992149420409e-02
9.444593199439809e-02
9.236394913077958e-02
9.031385483249572e-02
8.829552252719523e-02
8.630881728480519e-02
8.435359596591041e-02
8.242970737456724e-02
8.053699241538079e-02
7.867528425466976e-02
7.684440848554011e-02
7.504418329668518e-02
7.327441964472722e-02
7.153492142991263e-02
6.982548567496995e-02
6.814590270693899e-02
6.649595634177616e-02
6.487542407154034e-02
6.328407725396254e-02
6.172168130420073e-02
6.018799588858131e-02
5.868277512012824e-02
5.720576775568015e-02
5.575671739439664e-02
5.433536267745479e-02
5.294143748873804e-02
5.157467115632051e-02
5.023478865455085e-02
4.892151080654140e-02
4.763455448687028e-02
4.637363282430602e-02
4.513845540436608e-02
4.392872847152426e-02
4.274415513088353e-02
4.158443554913429e-02
4.044926715462146e-02
3.933834483634678e-02
3.825136114173634e-02
3.718800647300730e-02
3.614796928197178e-02
3.513093626311938e-02
3.413659254482498e-02
3.316462187853255e-02
3.221470682576957e-02
3.128652894285278e-02
3.037976896314962e-02
2.949410697676526e-02
2.862922260753003e-02
2.778479518716724e-02
2.696050392652666e-02
2.615602808377434e-02
2.537104712943439e-02
2.460524090818462e-02
2.385828979731250e-02
2.312987486174418e-02
2.241967800556441e-02
2.172738211995098e-02
2.105267122745282e-02
2.039523062254649e-02
1.975474700841135e-02
1.913090862986928e-02
1.852340540244029e-02
1.793192903747090e-02
1.735617316329761e-02
1.679583344241298e-02
1.625060768460760e-02
1.572019595606593e-02
1.520430068439961e-02
1.470262675960676e-02
1.421488163095072e-02
1.374077539975682e-02
1.328002090813034e-02
1.283233382360362e-02
1.239743271972498e-02
1.197503915260639e-02
1.156487773345122e-02
1.116667619708781e-02
1.078016546653836e-02
1.040507971365697e-02
1.004115641587410e-02
9.688136409088700e-03
9.345763936752570e-03
9.013786695195102e-03
8.691955875239549e-03
8.380026200165284e-03
8.077755960073228e-03
7.784907042714610e-03
7.501244960845695e-03
7.226538876173647e-03
6.960561619960981e-03
6.703089710358301e-03
6.453903366536898e-03
6.212786519694758e-03
5.979526821011150e-03
5.753915646626565e-03
5.535748099726154e-03
5.324823009806074e-03
5.120942929203263e-03
4.923914126970109e-03
4.733546580176354e-03
4.549653962721173e-03
4.372053631739011e-03
4.200566611683102e-03
4.035017576170920e-03
3.875234827675962e-03
3.721050275150279e-03
3.572299409662126e-03
3.428821278132857e-03
3.290458455256929e-03
3.157057013688386e-03
3.028466492576758e-03
2.904539864534612e-03
2.785133501118288e-03
2.670107136902575e-03
2.559323832229117e-03
2.452649934707412e-03
2.349955039546155e-03
2.251111948791575e-03
2.155996629548157e-03
2.064488171255918e-03
1.976468742097010e-03
1.891823544603061e-03
1.810440770533198e-03
1.732211555091187e-03
1.657029930548594e-03
1.584792779339261e-03
1.515399786688775e-03
1.448753392840938e-03
1.384758744941580e-03
1.323323648638281e-03
1.264358519452916e-03
1.207776333982084e-03
1.153492580978791e-03
1.101425212366919e-03
1.051494594238234e-03
1.003623457879910e-03
9.577368508787101e-04
9.137620883461979e-04
8.716287043075416e-04
8.312684032946886e-04
7.926150121829146e-04
7.556044323079811e-04
7.201745918993904e-04
6.862653988634808e-04
6.538186939484064e-04
6.227782043213375e-04
5.930894975865564e-04
5.646999362714719e-04
5.375586328059687e-04
5.116164050188955e-04
4.868257321739650e-04
4.631407115657860e-04
4.405170156952653e-04
4.189118500421490e-04
3.982839114510506e-04
3.785933471459175e-04
3.598017143865355e-04
3.418719407793544e-04
3.247682852536364e-04
3.084562997126928e-04
2.929027913687699e-04
2.780757857689860e-04
2.639444905185986e-04
2.504792597068007e-04
2.376515590392027e-04
2.254339316801558e-04
2.137999648071126e-04
2.027242568782985e-04
1.921823856140881e-04
1.821508766916387e-04
1.726071731515322e-04
1.635296055144136e-04
1.548973626048905e-04
1.466904630792717e-04
1.388897276530779e-04
1.314767520236412e-04
1.244338804825427e-04
1.177441802120944e-04
1.113914162595699e-04
1.053600271824223e-04
9.963510135729099e-05
9.420235394519930e-05
8.904810450497576e-05
8.415925524659577e-05
7.952326991583349e-05
7.512815330133834e-05
7.096243135500330e-05
6.701513191627453e-05
6.327576603086056e-05
5.973430985413523e-05
5.638118712939085e-05
5.320725223098436e-05
5.020377376233073e-05
4.736241869863205e-05
4.467523706418769e-05
4.213464713410932e-05
3.973342115026463e-05
3.746467154129189e-05
3.532183763656767e-05
3.329867286406575e-05
3.138923242212120e-05
2.958786141520462e-05
2.788918344391985e-05
2.628808963956146e-05
2.477972813370652e-05
2.335949395346730e-05
2.202301933319646e-05
2.076616443361496e-05
1.958500845952242e-05
1.847584116745146e-05
1.743515475483946e-05
1.645963612251409e-05
1.554615950252058e-05
1.469177944356006e-05
1.389372414655808e-05
1.314938914314005e-05
1.245633131005566e-05
1.181226321286681e-05
1.121504777249255e-05
1.066269324848959e-05
1.015334853323806e-05
9.685298751498408e-06
9.256961160106449e-06
8.866881342879699e-06
8.513729696117929e-06
8.196298200394899e-06
7.913497474655842e-06
7.664354108955760e-06
7.448008272497531e-06
7.263711593954735e-06
7.110825311393093e-06
6.988818689434714e-06
6.897267701642018e-06
6.835853976432007e-06
6.804364005166883e-06
